0; 0; 0; 0; 
1,08277e-05; 0,00032385; 0,000989097; 0,0196731; 
8,58602e-05; 0,0012802; 0,00391292; 0,0386952; 
0,000287142; 0,0028446; 0,00870662; 0,0570717; 
0,000674172; 0,00499059; 0,015306; 0,0748096; 
0,00130371; 0,00769003; 0,0236475; 0,0919169; 
0,00222964; 0,0109133; 0,0336686; 0,108403; 
0,00350282; 0,0146297; 0,0453078; 0,124278; 
0,00517096; 0,0188074; 0,0585043; 0,139554; 
0,00727859; 0,0234139; 0,0731989; 0,154241; 
0,00986695; 0,0284164; 0,0893333; 0,168353; 
0,012974; 0,0337814; 0,106851; 0,181902; 
0,0166342; 0,0394755; 0,125695; 0,194902; 
0,0208789; 0,0454653; 0,145813; 0,207365; 
0,025736; 0,0517177; 0,167151; 0,219306; 
0,0312301; 0,0581998; 0,189658; 0,230738; 
0,0373825; 0,0648791; 0,213282; 0,241674; 
0,0442114; 0,0717239; 0,237976; 0,252128; 
0,0517318; 0,0787031; 0,263692; 0,262113; 
0,0599555; 0,0857864; 0,290384; 0,271642; 
0,0688916; 0,0929446; 0,318006; 0,280728; 
0,078546; 0,100149; 0,346515; 0,289383; 
0,088922; 0,107372; 0,375868; 0,29762; 
0,10002; 0,114589; 0,406025; 0,30545; 
0,111839; 0,121772; 0,436945; 0,312884; 
0,124373; 0,1289; 0,468589; 0,319933; 
0,137616; 0,135948; 0,500919; 0,326608; 
0,151559; 0,142896; 0,533899; 0,332918; 
0,166191; 0,149723; 0,567491; 0,338873; 
0,181499; 0,15641; 0,601662; 0,344481; 
0,197468; 0,162939; 0,636376; 0,349752; 
0,214081; 0,169294; 0,671601; 0,354693; 
0,23132; 0,17546; 0,707304; 0,359312; 
0,249166; 0,181423; 0,743453; 0,363615; 
0,267598; 0,187169; 0,780017; 0,36761; 
0,286592; 0,192688; 0,816965; 0,371303; 
0,306127; 0,197969; 0,854267; 0,3747; 
0,326178; 0,203002; 0,891895; 0,377805; 
0,346719; 0,20778; 0,929819; 0,380625; 
0,367725; 0,212295; 0,968011; 0,383163; 
0,389169; 0,216542; 1,00644; 0,385424; 
0,411025; 0,220515; 1,04509; 0,387413; 
0,433263; 0,224209; 1,08392; 0,389133; 
0,455857; 0,227623; 1,1229; 0,390587; 
0,478778; 0,230753; 1,16202; 0,391779; 
0,501998; 0,233598; 1,20125; 0,392713; 
0,525488; 0,236157; 1,24056; 0,39339; 
0,54922; 0,238431; 1,27992; 0,393813; 
0,573165; 0,24042; 1,31931; 0,393986; 
0,597295; 0,242125; 1,35871; 0,393911; 
0,621581; 0,243549; 1,39809; 0,39359; 
0,645995; 0,244694; 1,43742; 0,393025; 
0,67051; 0,245562; 1,47668; 0,392219; 
0,695099; 0,246159; 1,51586; 0,391174; 
0,719733; 0,246487; 1,55491; 0,389893; 
0,744387; 0,246552; 1,59383; 0,388376; 
0,769035; 0,246357; 1,63258; 0,386628; 
0,79365; 0,245909; 1,67114; 0,384649; 
0,818208; 0,245213; 1,7095; 0,382442; 
0,842685; 0,244274; 1,74763; 0,380011; 
0,867055; 0,243099; 1,7855; 0,377356; 
0,891297; 0,241693; 1,82309; 0,374481; 
0,915387; 0,240064; 1,86038; 0,371389; 
0,939302; 0,238217; 1,89736; 0,368082; 
0,963023; 0,23616; 1,93399; 0,364563; 
0,986528; 0,233899; 1,97027; 0,360835; 
1,0098; 0,231441; 2,00615; 0,356901; 
1,03281; 0,228793; 2,04164; 0,352765; 
1,05555; 0,225963; 2,0767; 0,34843; 
1,078; 0,222956; 2,11132; 0,3439; 
1,10013; 0,219781; 2,14547; 0,339178; 
1,12195; 0,216443; 2,17915; 0,334268; 
1,14342; 0,212951; 2,21232; 0,329175; 
1,16453; 0,209311; 2,24498; 0,323902; 
1,18528; 0,20553; 2,2771; 0,318454; 
1,20563; 0,201615; 2,30866; 0,312835; 
1,22559; 0,197573; 2,33966; 0,30705; 
1,24514; 0,19341; 2,37007; 0,301104; 
1,26427; 0,189134; 2,39987; 0,295002; 
1,28297; 0,18475; 2,42906; 0,288749; 
1,30122; 0,180265; 2,45762; 0,282349; 
1,31902; 0,175685; 2,48553; 0,275809; 
1,33635; 0,171017; 2,51278; 0,269133; 
1,35322; 0,166267; 2,53935; 0,262328; 
1,3696; 0,161441; 2,56524; 0,255399; 
1,3855; 0,156544; 2,59043; 0,248351; 
1,40091; 0,151583; 2,6149; 0,241192; 
1,41582; 0,146563; 2,63866; 0,233925; 
1,43022; 0,14149; 2,66168; 0,226558; 
1,44411; 0,136368; 2,68397; 0,219097; 
1,45749; 0,131205; 2,7055; 0,211548; 
1,47035; 0,126003; 2,72628; 0,203917; 
1,48269; 0,12077; 2,74628; 0,196211; 
1,49451; 0,115509; 2,76552; 0,188435; 
1,50579; 0,110226; 2,78397; 0,180597; 
1,51655; 0,104925; 2,80163; 0,172702; 
1,52678; 0,0996103; 2,81851; 0,164757; 
1,53647; 0,0942872; 2,83458; 0,156768; 
1,54564; 0,0889598; 2,84986; 0,148743; 
1,55427; 0,0836324; 2,86433; 0,140686; 
1,56236; 0,078309; 2,878; 0,132606; 
1,56993; 0,0729939; 2,89085; 0,124507; 
1,57696; 0,067691; 2,9029; 0,116397; 
1,58347; 0,062404; 2,91413; 0,108282; 
1,58944; 0,0571369; 2,92455; 0,100168; 
1,59489; 0,0518933; 2,93416; 0,0920618; 
1,59982; 0,0466767; 2,94297; 0,0839689; 
1,60423; 0,0414907; 2,95096; 0,0758958; 
1,60812; 0,0363386; 2,95815; 0,0678486; 
1,6115; 0,0312237; 2,96453; 0,0598333; 
1,61437; 0,0261494; 2,97011; 0,0518557; 
1,61673; 0,0211186; 2,9749; 0,0439219; 
1,61859; 0,0161346; 2,9789; 0,0360374; 
1,61996; 0,0112001; 2,98211; 0,0282081; 
1,62084; 0,00631824; 2,98454; 0,0204393; 
1,62123; 0,00149168; 2,9862; 0,0127367; 
1,62114; -0,0032768; 2,98709; 0,00510563; 
1,62057; -0,00798457; 2,98722; -0,00244878; 
1,61954; -0,012629; 2,98661; -0,00992135; 
1,61805; -0,0172077; 2,98524; -0,0173071; 
1,6161; -0,0217182; 2,98315; -0,024601; 
1,61371; -0,0261581; 2,98033; -0,0317985; 
1,61087; -0,0305251; 2,97679; -0,0388949; 
1,6076; -0,0348171; 2,97255; -0,0458857; 
1,60391; -0,039032; 2,96762; -0,0527664; 
1,5998; -0,0431677; 2,962; -0,059533; 
1,59528; -0,0472222; 2,95571; -0,0661814; 
1,59036; -0,0511936; 2,94877; -0,0727075; 
1,58504; -0,0550801; 2,94118; -0,0791076; 
1,57935; -0,0588799; 2,93295; -0,085378; 
1,57327; -0,0625914; 2,92411; -0,0915153; 
1,56683; -0,066213; 2,91465; -0,0975161; 
1,56003; -0,0697431; 2,90461; -0,103377; 
1,55289; -0,0731803; 2,89398; -0,109095; 
1,5454; -0,0765231; 2,88279; -0,114668; 
1,53758; -0,0797703; 2,87105; -0,120092; 
1,52945; -0,0829207; 2,85878; -0,125365; 
1,521; -0,085973; 2,84599; -0,130485; 
1,51226; -0,0889263; 2,83269; -0,135449; 
1,50322; -0,0917794; 2,8189; -0,140255; 
1,4939; -0,0945315; 2,80464; -0,144901; 
1,48432; -0,0971817; 2,78993; -0,149385; 
1,47447; -0,0997292; 2,77477; -0,153706; 
1,46438; -0,102173; 2,75919; -0,157861; 
1,45404; -0,104513; 2,7432; -0,161851; 
1,44348; -0,106749; 2,72683; -0,165673; 
1,43269; -0,10888; 2,71008; -0,169326; 
1,4217; -0,110905; 2,69297; -0,172809; 
1,41052; -0,112824; 2,67552; -0,176122; 
1,39914; -0,114637; 2,65775; -0,179263; 
1,38759; -0,116344; 2,63967; -0,182233; 
1,37588; -0,117945; 2,62131; -0,185031; 
1,36401; -0,119439; 2,60267; -0,187657; 
1,35199; -0,120827; 2,58378; -0,19011; 
1,33985; -0,122109; 2,56466; -0,192391; 
1,32757; -0,123285; 2,54531; -0,1945; 
1,31519; -0,124355; 2,52576; -0,196437; 
1,30271; -0,12532; 2,50603; -0,198202; 
1,29013; -0,12618; 2,48613; -0,199797; 
1,27747; -0,126936; 2,46607; -0,201221; 
1,26475; -0,127587; 2,44589; -0,202476; 
1,25196; -0,128136; 2,42559; -0,203562; 
1,23912; -0,128581; 2,40518; -0,204482; 
1,22625; -0,128925; 2,38469; -0,205234; 
1,21334; -0,129168; 2,36414; -0,205822; 
1,20042; -0,129311; 2,34354; -0,206247; 
1,18748; -0,129355; 2,3229; -0,206509; 
1,17455; -0,1293; 2,30224; -0,206611; 
1,16163; -0,129149; 2,28158; -0,206554; 
1,14872; -0,128902; 2,26093; -0,20634; 
1,13585; -0,12856; 2,24032; -0,205972; 
1,12301; -0,128124; 2,21974; -0,20545; 
1,11023; -0,127597; 2,19923; -0,204777; 
1,0975; -0,126979; 2,17879; -0,203956; 
1,08483; -0,126271; 2,15845; -0,202989; 
1,07225; -0,125476; 2,1382; -0,201877; 
1,05974; -0,124595; 2,11807; -0,200624; 
1,04733; -0,123629; 2,09808; -0,199232; 
1,03502; -0,122579; 2,07823; -0,197704; 
1,02282; -0,121449; 2,05854; -0,196042; 
1,01073; -0,120239; 2,03903; -0,194248; 
0,998772; -0,118951; 2,0197; -0,192327; 
0,986945; -0,117587; 2,00057; -0,190281; 
0,975257; -0,116149; 1,98165; -0,188112; 
0,963717; -0,114638; 1,96295; -0,185825; 
0,952332; -0,113057; 1,94449; -0,183421; 
0,941108; -0,111408; 1,92627; -0,180904; 
0,930053; -0,109692; 1,90831; -0,178277; 
0,919172; -0,107912; 1,89062; -0,175543; 
0,908473; -0,106069; 1,8732; -0,172706; 
0,89796; -0,104166; 1,85608; -0,169769; 
0,887641; -0,102205; 1,83925; -0,166736; 
0,877521; -0,100187; 1,82273; -0,163609; 
0,867606; -0,0981159; 1,80653; -0,160392; 
0,8579; -0,0959928; 1,79066; -0,157089; 
0,848409; -0,09382; 1,77512; -0,153702; 
0,839137; -0,0915997; 1,75992; -0,150236; 
0,83009; -0,0893342; 1,74507; -0,146695; 
0,821272; -0,0870256; 1,73058; -0,14308; 
0,812687; -0,0846763; 1,71646; -0,139397; 
0,804338; -0,0822883; 1,70271; -0,135649; 
0,79623; -0,079864; 1,68933; -0,131839; 
0,788366; -0,0774056; 1,67634; -0,12797; 
0,78075; -0,0749153; 1,66374; -0,124047; 
0,773384; -0,0723954; 1,65153; -0,120073; 
0,766272; -0,0698481; 1,63973; -0,116052; 
0,759416; -0,0672757; 1,62832; -0,111987; 
0,752818; -0,0646804; 1,61733; -0,107881; 
0,74648; -0,0620643; 1,60675; -0,103739; 
0,740405; -0,0594298; 1,59658; -0,0995641; 
0,734595; -0,0567791; 1,58684; -0,0953592; 
0,72905; -0,0541143; 1,57751; -0,0911283; 
0,723772; -0,0514376; 1,56861; -0,0868749; 
0,718763; -0,0487512; 1,56014; -0,0826023; 
0,714022; -0,0460572; 1,55209; -0,0783141; 
0,709551; -0,0433578; 1,54448; -0,0740138; 
0,705351; -0,0406552; 1,53729; -0,0697046; 
0,70142; -0,0379513; 1,53054; -0,06539; 
0,697761; -0,0352483; 1,52421; -0,0610733; 
0,694371; -0,0325482; 1,51832; -0,0567579; 
0,691251; -0,029853; 1,51286; -0,0524469; 
0,6884; -0,0271648; 1,50783; -0,0481437; 
0,685817; -0,0244855; 1,50323; -0,0438513; 
0,683502; -0,021817; 1,49906; -0,039573; 
0,681454; -0,0191613; 1,49532; -0,0353118; 
0,67967; -0,0165203; 1,492; -0,0310708; 
0,678149; -0,0138958; 1,4891; -0,026853; 
0,67689; -0,0112896; 1,48663; -0,0226614; 
0,67589; -0,00870353; 1,48457; -0,0184987; 
0,675148; -0,0061393; 1,48293; -0,0143679; 
0,674662; -0,00359865; 1,48169; -0,0102718; 
0,674428; -0,00108325; 1,48087; -0,00621308; 
0,674444; 0,00140527; 1,48045; -0,00219442; 
0,674708; 0,0038653; 1,48043; 0,00178158; 
0,675216; 0,00629528; 1,4808; 0,00571234; 
0,675966; 0,0086937; 1,48157; 0,00959539; 
0,676954; 0,0110591; 1,48272; 0,0134283; 
0,678177; 0,01339; 1,48425; 0,0172087; 
0,679631; 0,015685; 1,48616; 0,0209343; 
0,681312; 0,0179427; 1,48844; 0,024603; 
0,683218; 0,020162; 1,49108; 0,0282124; 
0,685344; 0,0223414; 1,49408; 0,0317605; 
0,687685; 0,0244798; 1,49743; 0,0352454; 
0,690238; 0,026576; 1,50113; 0,038665; 
0,692999; 0,0286289; 1,50516; 0,0420175; 
0,695962; 0,0306373; 1,50953; 0,0453011; 
0,699125; 0,0326003; 1,51422; 0,048514; 
0,702481; 0,0345169; 1,51923; 0,0516546; 
0,706026; 0,036386; 1,52455; 0,0547212; 
0,709756; 0,0382069; 1,53017; 0,0577124; 
0,713666; 0,0399786; 1,53609; 0,0606268; 
0,717751; 0,0417003; 1,54229; 0,0634628; 
0,722005; 0,0433713; 1,54878; 0,0662194; 
0,726423; 0,0449909; 1,55553; 0,0688952; 
0,731001; 0,0465584; 1,56255; 0,0714891; 
0,735733; 0,0480732; 1,56983; 0,074; 
0,740614; 0,0495347; 1,57735; 0,076427; 
0,745638; 0,0509424; 1,58511; 0,078769; 
0,750801; 0,0522958; 1,5931; 0,0810254; 
0,756095; 0,0535946; 1,60131; 0,0831952; 
0,761518; 0,0548382; 1,60974; 0,0852778; 
0,767061; 0,0560263; 1,61837; 0,0872727; 
0,772721; 0,0571588; 1,62719; 0,0891791; 
0,778491; 0,0582352; 1,6362; 0,0909967; 
0,784366; 0,0592555; 1,64539; 0,0927251; 
0,79034; 0,0602195; 1,65474; 0,0943639; 
0,796408; 0,061127; 1,66426; 0,0959128; 
0,802564; 0,061978; 1,67392; 0,0973718; 
0,808802; 0,0627724; 1,68373; 0,0987405; 
0,815117; 0,0635104; 1,69367; 0,100019; 
0,821502; 0,0641919; 1,70373; 0,101208; 
0,827953; 0,064817; 1,7139; 0,102306; 
0,834464; 0,065386; 1,72419; 0,103314; 
0,841028; 0,0658989; 1,73456; 0,104233; 
0,847642; 0,066356; 1,74503; 0,105063; 
0,854298; 0,0667577; 1,75557; 0,105803; 
0,860991; 0,0671041; 1,76619; 0,106455; 
0,867717; 0,0673956; 1,77686; 0,107018; 
0,874469; 0,0676327; 1,78759; 0,107494; 
0,881241; 0,0678157; 1,79836; 0,107883; 
0,88803; 0,0679451; 1,80916; 0,108186; 
0,894829; 0,0680214; 1,81999; 0,108403; 
0,901632; 0,0680452; 1,83084; 0,108535; 
0,908436; 0,0680169; 1,8417; 0,108583; 
0,915234; 0,0679372; 1,85255; 0,108548; 
0,922022; 0,0678067; 1,8634; 0,108431; 
0,928794; 0,067626; 1,87424; 0,108232; 
0,935545; 0,0673959; 1,88505; 0,107954; 
0,942271; 0,0671171; 1,89583; 0,107597; 
0,948967; 0,0667904; 1,90656; 0,107161; 
0,955628; 0,0664164; 1,91725; 0,106649; 
0,962249; 0,065996; 1,92789; 0,106062; 
0,968826; 0,0655301; 1,93846; 0,1054; 
0,975353; 0,0650195; 1,94897; 0,104665; 
0,981828; 0,064465; 1,9594; 0,103859; 
0,988245; 0,0638677; 1,96974; 0,102983; 
0,9946; 0,0632284; 1,97999; 0,102038; 
1,00089; 0,062548; 1,99014; 0,101026; 
1,00711; 0,0618276; 2,00019; 0,0999488; 
1,01325; 0,061068; 2,01013; 0,098807; 
1,01932; 0,0602705; 2,01995; 0,0976027; 
1,02531; 0,0594358; 2,02965; 0,0963374; 
1,03121; 0,0585652; 2,03922; 0,0950128; 
1,03702; 0,0576597; 2,04865; 0,0936305; 
1,04274; 0,0567203; 2,05794; 0,0921923; 
1,04836; 0,0557481; 2,06709; 0,0906998; 
1,05389; 0,0547442; 2,07608; 0,0891548; 
1,05931; 0,0537098; 2,08492; 0,0875591; 
1,06463; 0,0526459; 2,09359; 0,0859143; 
1,06984; 0,0515537; 2,1021; 0,0842224; 
1,07494; 0,0504344; 2,11043; 0,082485; 
1,07992; 0,0492891; 2,11859; 0,0807041; 
1,08479; 0,0481189; 2,12657; 0,0788814; 
1,08955; 0,046925; 2,13437; 0,0770189; 
1,09418; 0,0457086; 2,14198; 0,0751183; 
1,09869; 0,0444709; 2,14939; 0,0731816; 
1,10307; 0,0432129; 2,15661; 0,0712105; 
1,10733; 0,041936; 2,16363; 0,0692071; 
1,11146; 0,0406413; 2,17045; 0,0671731; 
1,11546; 0,03933; 2,17707; 0,0651104; 
1,11932; 0,0380032; 2,18347; 0,063021; 
1,12306; 0,0366622; 2,18967; 0,0609067; 
1,12666; 0,035308; 2,19565; 0,0587693; 
1,13012; 0,033942; 2,20142; 0,0566109; 
1,13344; 0,0325652; 2,20697; 0,0544332; 
1,13663; 0,0311788; 2,21231; 0,0522382; 
1,13968; 0,029784; 2,21742; 0,0500276; 
1,14259; 0,0283819; 2,22231; 0,0478033; 
1,14536; 0,0269737; 2,22698; 0,0455672; 
1,14798; 0,0255605; 2,23143; 0,0433212; 
1,15047; 0,0241435; 2,23565; 0,0410669; 
1,15281; 0,0227238; 2,23964; 0,0388063; 
1,15501; 0,0213024; 2,24341; 0,0365411; 
1,15707; 0,0198805; 2,24695; 0,0342731; 
1,15899; 0,0184592; 2,25026; 0,0320041; 
1,16076; 0,0170395; 2,25335; 0,0297357; 
1,1624; 0,0156225; 2,25621; 0,0274698; 
1,16389; 0,0142092; 2,25884; 0,0252079; 
1,16524; 0,0128007; 2,26125; 0,0229518; 
1,16645; 0,0113981; 2,26343; 0,0207032; 
1,16752; 0,0100022; 2,26539; 0,0184636; 
1,16845; 0,00861413; 2,26713; 0,0162346; 
1,16924; 0,00723482; 2,26864; 0,0140179; 
1,1699; 0,00586521; 2,26993; 0,011815; 
1,17041; 0,00450625; 2,271; 0,00962742; 
1,1708; 0,00315886; 2,27186; 0,00745663; 
1,17105; 0,00182392; 2,27249; 0,00530411; 
1,17116; 0,000502317; 2,27292; 0,00317129; 
1,17115; -0,000805089; 2,27313; 0,00105959; 
1,171; -0,00209746; 2,27313; -0,00102962; 
1,17073; -0,00337398; 2,27292; -0,00309501; 
1,17033; -0,00463386; 2,27251; -0,00513526; 
1,1698; -0,00587632; 2,2719; -0,00714911; 
1,16915; -0,0071006; 2,27108; -0,0091353; 
1,16838; -0,00830598; 2,27007; -0,0110926; 
1,16749; -0,00949175; 2,26887; -0,01302; 
1,16649; -0,0106572; 2,26747; -0,0149161; 
1,16536; -0,0118017; 2,26588; -0,01678; 
1,16413; -0,0129246; 2,26411; -0,0186106; 
1,16278; -0,0140253; 2,26216; -0,0204068; 
1,16132; -0,0151032; 2,26003; -0,0221677; 
1,15976; -0,0161577; 2,25773; -0,0238923; 
1,15809; -0,0171883; 2,25526; -0,0255797; 
1,15632; -0,0181945; 2,25262; -0,0272291; 
1,15445; -0,0191757; 2,24981; -0,0288396; 
1,15249; -0,0201315; 2,24685; -0,0304103; 
1,15043; -0,0210615; 2,24373; -0,0319406; 
1,14828; -0,0219652; 2,24046; -0,0334298; 
1,14603; -0,0228422; 2,23705; -0,034877; 
1,14371; -0,0236922; 2,23349; -0,0362818; 
1,1413; -0,0245147; 2,22979; -0,0376435; 
1,13881; -0,0253096; 2,22596; -0,0389616; 
1,13624; -0,0260764; 2,222; -0,0402355; 
1,13359; -0,026815; 2,21792; -0,0414647; 
1,13087; -0,027525; 2,21371; -0,0426489; 
1,12809; -0,0282062; 2,20939; -0,0437875; 
1,12523; -0,0288585; 2,20495; -0,0448803; 
1,12232; -0,0294816; 2,20041; -0,0459269; 
1,11934; -0,0300755; 2,19577; -0,046927; 
1,1163; -0,0306399; 2,19103; -0,0478804; 
1,11321; -0,0311748; 2,18619; -0,0487869; 
1,11007; -0,0316801; 2,18127; -0,0496463; 
1,10688; -0,0321557; 2,17627; -0,0504584; 
1,10364; -0,0326016; 2,17118; -0,0512232; 
1,10036; -0,0330178; 2,16602; -0,0519406; 
1,09704; -0,0334043; 2,1608; -0,0526106; 
1,09368; -0,0337611; 2,1555; -0,0532332; 
1,09028; -0,0340883; 2,15015; -0,0538084; 
1,08686; -0,034386; 2,14474; -0,0543364; 
1,08341; -0,0346543; 2,13929; -0,0548172; 
1,07993; -0,0348932; 2,13378; -0,055251; 
1,07643; -0,035103; 2,12824; -0,055638; 
1,07291; -0,0352837; 2,12266; -0,0559785; 
1,06938; -0,0354356; 2,11704; -0,0562726; 
1,06583; -0,0355589; 2,1114; -0,0565206; 
1,06226; -0,0356538; 2,10574; -0,056723; 
1,0587; -0,0357206; 2,10006; -0,05688; 
1,05512; -0,0357594; 2,09437; -0,0569919; 
1,05154; -0,0357706; 2,08866; -0,0570593; 
1,04797; -0,0357545; 2,08296; -0,0570826; 
1,04439; -0,0357113; 2,07725; -0,0570622; 
1,04083; -0,0356415; 2,07154; -0,0569986; 
1,03727; -0,0355453; 2,06585; -0,0568924; 
1,03372; -0,0354232; 2,06017; -0,056744; 
1,03018; -0,0352755; 2,0545; -0,0565542; 
1,02666; -0,0351025; 2,04886; -0,0563234; 
1,02316; -0,0349048; 2,04324; -0,0560524; 
1,01968; -0,0346827; 2,03765; -0,0557417; 
1,01623; -0,0344367; 2,03209; -0,055392; 
1,0128; -0,0341672; 2,02657; -0,0550041; 
1,0094; -0,0338747; 2,02109; -0,0545786; 
1,00602; -0,0335597; 2,01566; -0,0541163; 
1,00268; -0,0332226; 2,01027; -0,0536179; 
0,999379; -0,0328639; 2,00493; -0,0530843; 
0,996112; -0,0324843; 1,99965; -0,0525161; 
0,992883; -0,0320841; 1,99443; -0,0519143; 
0,989696; -0,0316639; 1,98927; -0,0512797; 
0,986551; -0,0312243; 1,98418; -0,050613; 
0,983451; -0,0307657; 1,97915; -0,0499152; 
0,980399; -0,0302889; 1,9742; -0,0491872; 
0,977394; -0,0297942; 1,96931; -0,0484297; 
0,97444; -0,0292824; 1,96451; -0,0476438; 
0,971538; -0,0287539; 1,95979; -0,0468303; 
0,96869; -0,0282094; 1,95515; -0,0459902; 
0,965897; -0,0276494; 1,95059; -0,0451244; 
0,963161; -0,0270746; 1,94612; -0,0442338; 
0,960483; -0,0264856; 1,94174; -0,0433194; 
0,957864; -0,0258829; 1,93746; -0,0423821; 
0,955306; -0,0252671; 1,93327; -0,0414229; 
0,952811; -0,0246389; 1,92917; -0,0404428; 
0,950379; -0,0239989; 1,92518; -0,0394427; 
0,948012; -0,0233478; 1,92129; -0,0384237; 
0,94571; -0,022686; 1,9175; -0,0373867; 
0,943475; -0,0220143; 1,91381; -0,0363327; 
0,941307; -0,0213333; 1,91023; -0,0352627; 
0,939208; -0,0206435; 1,90676; -0,0341777; 
0,937179; -0,0199457; 1,90339; -0,0330786; 
0,935219; -0,0192404; 1,90014; -0,0319666; 
0,933331; -0,0185282; 1,897; -0,0308424; 
0,931514; -0,0178098; 1,89397; -0,0297072; 
0,929769; -0,0170858; 1,89106; -0,028562; 
0,928097; -0,0163567; 1,88826; -0,0274076; 
0,926498; -0,0156233; 1,88558; -0,0262452; 
0,924972; -0,014886; 1,88301; -0,0250756; 
0,923521; -0,0141456; 1,88056; -0,0238998; 
0,922143; -0,0134026; 1,87823; -0,0227188; 
0,92084; -0,0126576; 1,87602; -0,0215336; 
0,919612; -0,0119112; 1,87393; -0,020345; 
0,918458; -0,011164; 1,87195; -0,0191541; 
0,917379; -0,0104165; 1,8701; -0,0179618; 
0,916375; -0,00966929; 1,86836; -0,016769; 
0,915445; -0,00892301; 1,86674; -0,0155765; 
0,91459; -0,00817817; 1,86524; -0,0143854; 
0,91381; -0,00743533; 1,86386; -0,0131965; 
0,913103; -0,00669502; 1,8626; -0,0120106; 
0,91247; -0,00595779; 1,86146; -0,0108287; 
0,911911; -0,00522416; 1,86044; -0,00965157; 
0,911426; -0,00449465; 1,85953; -0,0084801; 
0,911012; -0,00376977; 1,85874; -0,0073151; 
0,910671; -0,00305002; 1,85807; -0,00615739; 
0,910402; -0,00233588; 1,85751; -0,00500776; 
0,910204; -0,00162785; 1,85707; -0,00386701; 
0,910076; -0,000926382; 1,85674; -0,0027359; 
0,910019; -0,00023195; 1,85652; -0,00161518; 
0,91003; 0,000454998; 1,85641; -0,000505593; 
0,910109; 0,00113402; 1,85642; 0,000592138; 
0,910256; 0,0018047; 1,85653; 0,00167731; 
0,91047; 0,0024666; 1,85675; 0,00274924; 
0,910749; 0,00311933; 1,85708; 0,00380725; 
0,911093; 0,00376248; 1,85751; 0,0048507; 
0,911501; 0,00439568; 1,85805; 0,00587895; 
0,911972; 0,00501855; 1,85869; 0,00689139; 
0,912505; 0,00563074; 1,85943; 0,00788742; 
0,913098; 0,00623189; 1,86027; 0,00886647; 
0,913751; 0,00682167; 1,8612; 0,00982797; 
0,914462; 0,00739976; 1,86223; 0,0107714; 
0,91523; 0,00796584; 1,86335; 0,0116962; 
0,916055; 0,00851962; 1,86457; 0,0126019; 
0,916934; 0,00906082; 1,86587; 0,0134881; 
0,917866; 0,00958915; 1,86727; 0,0143542; 
0,918851; 0,0101044; 1,86874; 0,0151999; 
0,919887; 0,0106062; 1,87031; 0,0160246; 
0,920972; 0,0110945; 1,87195; 0,0168281; 
0,922105; 0,0115689; 1,87367; 0,0176099; 
0,923285; 0,0120293; 1,87547; 0,0183698; 
0,924511; 0,0124754; 1,87734; 0,0191072; 
0,92578; 0,0129072; 1,87929; 0,019822; 
0,927092; 0,0133244; 1,88131; 0,0205138; 
0,928444; 0,0137268; 1,88339; 0,0211824; 
0,929836; 0,0141144; 1,88554; 0,0218275; 
0,931267; 0,0144869; 1,88776; 0,0224489; 
0,932733; 0,0148443; 1,89003; 0,0230464; 
0,934235; 0,0151865; 1,89237; 0,0236197; 
0,93577; 0,0155134; 1,89476; 0,0241688; 
0,937337; 0,0158249; 1,8972; 0,0246934; 
0,938935; 0,0161209; 1,89969; 0,0251935; 
0,940561; 0,0164013; 1,90224; 0,0256689; 
0,942214; 0,0166662; 1,90483; 0,0261195; 
0,943894; 0,0169155; 1,90746; 0,0265453; 
0,945597; 0,0171492; 1,91013; 0,0269462; 
0,947323; 0,0173673; 1,91285; 0,0273221; 
0,94907; 0,0175697; 1,9156; 0,0276732; 
0,950836; 0,0177566; 1,91838; 0,0279993; 
0,952621; 0,0179279; 1,9212; 0,0283006; 
0,954421; 0,0180837; 1,92404; 0,028577; 
0,956237; 0,018224; 1,92691; 0,0288286; 
0,958066; 0,0183489; 1,92981; 0,0290555; 
0,959906; 0,0184584; 1,93272; 0,0292578; 
0,961757; 0,0185527; 1,93566; 0,0294356; 
0,963616; 0,0186319; 1,93861; 0,0295891; 
0,965483; 0,018696; 1,94157; 0,0297184; 
0,967355; 0,0187452; 1,94455; 0,0298237; 
0,969231; 0,0187796; 1,94754; 0,0299051; 
0,97111; 0,0187993; 1,95053; 0,0299628; 
0,972991; 0,0188045; 1,95353; 0,0299972; 
0,974871; 0,0187954; 1,95653; 0,0300083; 
0,976749; 0,0187721; 1,95953; 0,0299966; 
0,978625; 0,0187347; 1,96253; 0,0299621; 
0,980496; 0,0186835; 1,96552; 0,0299052; 
0,982361; 0,0186187; 1,96851; 0,0298262; 
0,984219; 0,0185404; 1,97149; 0,0297254; 
0,986069; 0,0184489; 1,97445; 0,0296031; 
0,987908; 0,0183443; 1,97741; 0,0294596; 
0,989737; 0,018227; 1,98034; 0,0292953; 
0,991553; 0,0180971; 1,98327; 0,0291105; 
0,993356; 0,0179548; 1,98617; 0,0289057; 
0,995144; 0,0178005; 1,98905; 0,0286811; 
0,996916; 0,0176343; 1,9919; 0,0284372; 
0,99867; 0,0174566; 1,99473; 0,0281743; 
1,00041; 0,0172675; 1,99754; 0,0278929; 
1,00212; 0,0170674; 2,00031; 0,0275934; 
1,00382; 0,0168566; 2,00305; 0,0272762; 
1,00549; 0,0166352; 2,00577; 0,0269418; 
1,00715; 0,0164036; 2,00844; 0,0265906; 
1,00877; 0,0161621; 2,01108; 0,026223; 
1,01038; 0,015911; 2,01369; 0,0258395; 
1,01196; 0,0156505; 2,01625; 0,0254406; 
1,01351; 0,015381; 2,01877; 0,0250268; 
1,01503; 0,0151028; 2,02125; 0,0245985; 
1,01653; 0,0148162; 2,02369; 0,0241562; 
1,018; 0,0145214; 2,02609; 0,0237004; 
1,01943; 0,0142189; 2,02843; 0,0232316; 
1,02084; 0,0139089; 2,03073; 0,0227503; 
1,02221; 0,0135917; 2,03298; 0,022257; 
1,02356; 0,0132677; 2,03518; 0,0217523; 
1,02487; 0,0129372; 2,03733; 0,0212365; 
1,02614; 0,0126004; 2,03943; 0,0207103; 
1,02739; 0,0122579; 2,04147; 0,0201742; 
1,0286; 0,0119097; 2,04346; 0,0196286; 
1,02977; 0,0115564; 2,0454; 0,0190741; 
1,03091; 0,0111981; 2,04728; 0,0185112; 
1,03201; 0,0108353; 2,0491; 0,0179405; 
1,03307; 0,0104683; 2,05087; 0,0173624; 
1,0341; 0,0100973; 2,05257; 0,0167775; 
1,03509; 0,00972276; 2,05422; 0,0161862; 
1,03605; 0,00934495; 2,05581; 0,0155892; 
1,03696; 0,00896419; 2,05734; 0,0149869; 
1,03784; 0,00858083; 2,05881; 0,0143798; 
1,03868; 0,00819516; 2,06022; 0,0137685; 
1,03948; 0,00780751; 2,06156; 0,0131535; 
1,04024; 0,0074182; 2,06285; 0,0125353; 
1,04096; 0,00702755; 2,06407; 0,0119143; 
1,04165; 0,00663585; 2,06523; 0,0112912; 
1,04229; 0,00624344; 2,06633; 0,0106663; 
1,04289; 0,0058506; 2,06736; 0,0100402; 
1,04346; 0,00545764; 2,06833; 0,00941333; 
1,04399; 0,00506487; 2,06924; 0,00878626; 
1,04447; 0,00467258; 2,07009; 0,00815941; 
1,04492; 0,00428106; 2,07088; 0,00753328; 
1,04533; 0,0038906; 2,0716; 0,00690832; 
1,0457; 0,00350149; 2,07226; 0,006285; 
1,04603; 0,00311401; 2,07286; 0,00566377; 
1,04632; 0,00272844; 2,07339; 0,00504509; 
1,04657; 0,00234504; 2,07386; 0,0044294; 
1,04679; 0,00196409; 2,07428; 0,00381713; 
1,04697; 0,00158585; 2,07463; 0,00320871; 
1,04711; 0,00121057; 2,07492; 0,00260455; 
1,04721; 0,000838511; 2,07515; 0,00200509; 
1,04728; 0,000469918; 2,07532; 0,00141071; 
1,0473; 0,000105033; 2,07543; 0,000821808; 
1,0473; -0,000255907; 2,07548; 0,000238781; 
1,04725; -0,000612672; 2,07548; -0,000337998; 
1,04717; -0,000965035; 2,07542; -0,000908157; 
1,04706; -0,00131278; 2,0753; -0,00147134; 
1,04691; -0,00165569; 2,07512; -0,00202719; 
1,04673; -0,00199355; 2,07489; -0,00257536; 
1,04651; -0,00232618; 2,07461; -0,00311554; 
1,04626; -0,00265337; 2,07427; -0,00364738; 
1,04598; -0,00297493; 2,07388; -0,00417058; 
1,04567; -0,00329068; 2,07344; -0,00468485; 
1,04532; -0,00360044; 2,07294; -0,00518987; 
1,04495; -0,00390405; 2,0724; -0,00568538; 
1,04454; -0,00420135; 2,07181; -0,0061711; 
1,04411; -0,00449216; 2,07116; -0,00664677; 
1,04365; -0,00477636; 2,07048; -0,00711214; 
1,04315; -0,00505378; 2,06974; -0,00756696; 
1,04264; -0,00532431; 2,06896; -0,00801101; 
1,04209; -0,0055878; 2,06814; -0,00844408; 
1,04152; -0,00584413; 2,06728; -0,00886594; 
1,04092; -0,00609319; 2,06637; -0,00927641; 
1,0403; -0,00633487; 2,06542; -0,0096753; 
1,03965; -0,00656907; 2,06443; -0,0100624; 
1,03899; -0,00679569; 2,06341; -0,0104376; 
1,0383; -0,00701464; 2,06235; -0,0108008; 
1,03758; -0,00722584; 2,06125; -0,0111517; 
1,03685; -0,00742921; 2,06012; -0,0114902; 
1,0361; -0,0076247; 2,05895; -0,0118163; 
1,03533; -0,00781222; 2,05775; -0,0121298; 
1,03454; -0,00799174; 2,05653; -0,0124306; 
1,03373; -0,0081632; 2,05527; -0,0127187; 
1,0329; -0,00832656; 2,05398; -0,0129939; 
1,03206; -0,00848178; 2,05267; -0,0132561; 
1,03121; -0,00862884; 2,05133; -0,0135054; 
1,03034; -0,00876772; 2,04997; -0,0137417; 
1,02945; -0,0088984; 2,04858; -0,013965; 
1,02856; -0,00902087; 2,04718; -0,0141751; 
1,02765; -0,00913512; 2,04575; -0,0143721; 
1,02673; -0,00924117; 2,0443; -0,0145561; 
1,0258; -0,00933902; 2,04284; -0,0147269; 
1,02486; -0,00942869; 2,04136; -0,0148847; 
1,02392; -0,0095102; 2,03986; -0,0150294; 
1,02296; -0,00958358; 2,03835; -0,015161; 
1,022; -0,00964886; 2,03683; -0,0152797; 
1,02103; -0,00970608; 2,0353; -0,0153855; 
1,02006; -0,00975529; 2,03375; -0,0154784; 
1,01908; -0,00979653; 2,0322; -0,0155585; 
1,0181; -0,00982987; 2,03064; -0,0156258; 
1,01712; -0,00985537; 2,02908; -0,0156806; 
1,01613; -0,00987309; 2,02751; -0,0157228; 
1,01514; -0,0098831; 2,02593; -0,0157526; 
1,01415; -0,00988549; 2,02436; -0,0157701; 
1,01316; -0,00988034; 2,02278; -0,0157754; 
1,01218; -0,00986772; 2,0212; -0,0157686; 
1,01119; -0,00984774; 2,01963; -0,0157499; 
1,01021; -0,00982049; 2,01805; -0,0157195; 
1,00923; -0,00978608; 2,01648; -0,0156774; 
1,00825; -0,0097446; 2,01492; -0,0156239; 
1,00728; -0,00969616; 2,01336; -0,0155591; 
1,00631; -0,00964089; 2,01181; -0,0154831; 
1,00535; -0,00957889; 2,01026; -0,0153963; 
1,0044; -0,00951029; 2,00873; -0,0152986; 
1,00345; -0,00943522; 2,0072; -0,0151905; 
1,00251; -0,0093538; 2,00569; -0,0150719; 
1,00158; -0,00926616; 2,00419; -0,0149432; 
1,00066; -0,00917244; 2,0027; -0,0148046; 
0,999744; -0,00907278; 2,00123; -0,0146562; 
0,998842; -0,00896732; 1,99977; -0,0144983; 
0,997951; -0,0088562; 1,99833; -0,0143311; 
0,997071; -0,00873957; 1,9969; -0,0141549; 
0,996203; -0,00861758; 1,9955; -0,0139699; 
0,995348; -0,00849039; 1,99411; -0,0137762; 
0,994505; -0,00835813; 1,99274; -0,0135743; 
0,993676; -0,00822098; 1,9914; -0,0133642; 
0,992861; -0,00807909; 1,99007; -0,0131463; 
0,99206; -0,00793263; 1,98877; -0,0129208; 
0,991275; -0,00778174; 1,98749; -0,0126879; 
0,990504; -0,0076266; 1,98623; -0,012448; 
0,989749; -0,00746737; 1,985; -0,0122012; 
0,989011; -0,00730422; 1,98379; -0,0119479; 
0,988289; -0,00713731; 1,98261; -0,0116883; 
0,987583; -0,00696681; 1,98145; -0,0114227; 
0,986895; -0,0067929; 1,98032; -0,0111513; 
0,986225; -0,00661574; 1,97922; -0,0108744; 
0,985572; -0,0064355; 1,97815; -0,0105923; 
0,984938; -0,00625235; 1,9771; -0,0103053; 
0,984322; -0,00606647; 1,97609; -0,0100136; 
0,983725; -0,00587803; 1,9751; -0,00971748; 
0,983147; -0,00568719; 1,97414; -0,00941725; 
0,982587; -0,00549414; 1,97322; -0,00911317; 
0,982048; -0,00529903; 1,97232; -0,00880551; 
0,981528; -0,00510205; 1,97146; -0,00849455; 
0,981027; -0,00490335; 1,97062; -0,00818056; 
0,980547; -0,00470313; 1,96982; -0,00786381; 
0,980087; -0,00450153; 1,96905; -0,00754457; 
0,979647; -0,00429873; 1,96831; -0,00722312; 
0,979227; -0,0040949; 1,96761; -0,00689971; 
0,978828; -0,0038902; 1,96693; -0,00657463; 
0,978449; -0,00368481; 1,96629; -0,00624813; 
0,978091; -0,00347887; 1,96568; -0,00592049; 
0,977753; -0,00327256; 1,96511; -0,00559195; 
0,977436; -0,00306604; 1,96456; -0,00526278; 
0,97714; -0,00285947; 1,96405; -0,00493324; 
0,976865; -0,00265299; 1,96358; -0,00460359; 
0,97661; -0,00244678; 1,96313; -0,00427407; 
0,976375; -0,00224098; 1,96272; -0,00394493; 
0,976161; -0,00203575; 1,96234; -0,00361643; 
0,975968; -0,00183123; 1,962; -0,00328879; 
0,975795; -0,00162758; 1,96169; -0,00296227; 
0,975642; -0,00142493; 1,96141; -0,0026371; 
0,97551; -0,00122344; 1,96116; -0,00231351; 
0,975398; -0,00102323; 1,96094; -0,00199173; 
0,975305; -0,000824459; 1,96076; -0,00167198; 
0,975233; -0,000627251; 1,96061; -0,00135449; 
0,97518; -0,000431742; 1,96049; -0,00103947; 
0,975146; -0,00023806; 1,9604; -0,000727129; 
0,975132; -4,63342e-05; 1,96034; -0,000417684; 
0,975137; 0,000143313; 1,96032; -0,000111335; 
0,975161; 0,000330759; 1,96032; 0,00019172; 
0,975203; 0,000515886; 1,96036; 0,000491286; 
0,975264; 0,000698578; 1,96042; 0,000787175; 
0,975343; 0,000878725; 1,96051; 0,0010792; 
0,975439; 0,00105622; 1,96064; 0,00136719; 
0,975554; 0,00123095; 1,96079; 0,00165095; 
0,975686; 0,00140281; 1,96097; 0,00193034; 
0,975834; 0,00157172; 1,96117; 0,00220517; 
0,976; 0,00173756; 1,96141; 0,00247529; 
0,976182; 0,00190026; 1,96167; 0,00274056; 
0,97638; 0,00205971; 1,96195; 0,00300081; 
0,976594; 0,00221584; 1,96227; 0,00325591; 
0,976823; 0,00236857; 1,9626; 0,00350572; 
0,977067; 0,0025178; 1,96297; 0,00375011; 
0,977326; 0,00266348; 1,96335; 0,00398895; 
0,9776; 0,00280552; 1,96377; 0,00422212; 
0,977887; 0,00294386; 1,9642; 0,00444951; 
0,978188; 0,00307844; 1,96466; 0,00467101; 
0,978503; 0,0032092; 1,96513; 0,00488651; 
0,97883; 0,00333607; 1,96563; 0,00509592; 
0,97917; 0,003459; 1,96615; 0,00529914; 
0,979522; 0,00357794; 1,96669; 0,00549609; 
0,979885; 0,00369286; 1,96725; 0,00568669; 
0,98026; 0,0038037; 1,96783; 0,00587086; 
0,980646; 0,00391042; 1,96842; 0,00604854; 
0,981042; 0,00401299; 1,96904; 0,00621966; 
0,981448; 0,00411138; 1,96967; 0,00638415; 
0,981864; 0,00420555; 1,97032; 0,00654198; 
0,982289; 0,00429549; 1,97098; 0,00669309; 
0,982723; 0,00438117; 1,97165; 0,00683745; 
0,983165; 0,00446257; 1,97234; 0,00697501; 
0,983616; 0,00453968; 1,97305; 0,00710575; 
0,984073; 0,00461249; 1,97377; 0,00722965; 
0,984538; 0,00468098; 1,97449; 0,00734668; 
0,985009; 0,00474516; 1,97523; 0,00745683; 
0,985487; 0,00480503; 1,97599; 0,00756009; 
0,98597; 0,00486058; 1,97675; 0,00765647; 
0,986459; 0,00491182; 1,97752; 0,00774596; 
0,986952; 0,00495876; 1,97829; 0,00782857; 
0,98745; 0,00500141; 1,97908; 0,00790432; 
0,987953; 0,00503978; 1,97988; 0,00797322; 
0,988458; 0,0050739; 1,98068; 0,00803529; 
0,988967; 0,00510379; 1,98148; 0,00809057; 
0,989479; 0,00512946; 1,98229; 0,00813909; 
0,989993; 0,00515095; 1,98311; 0,00818088; 
0,990509; 0,00516828; 1,98393; 0,00821599; 
0,991026; 0,00518149; 1,98475; 0,00824446; 
0,991545; 0,00519062; 1,98558; 0,00826635; 
0,992064; 0,0051957; 1,98641; 0,00828171; 
0,992584; 0,00519677; 1,98723; 0,0082906; 
0,993104; 0,00519387; 1,98806; 0,00829309; 
0,993623; 0,00518706; 1,98889; 0,00828925; 
0,994141; 0,00517638; 1,98972; 0,00827914; 
0,994658; 0,00516188; 1,99055; 0,00826285; 
0,995173; 0,00514361; 1,99137; 0,00824045; 
0,995686; 0,00512163; 1,9922; 0,00821203; 
0,996197; 0,005096; 1,99302; 0,00817768; 
0,996706; 0,00506678; 1,99383; 0,00813749; 
0,997211; 0,00503402; 1,99464; 0,00809156; 
0,997712; 0,0049978; 1,99545; 0,00803997; 
0,99821; 0,00495818; 1,99625; 0,00798284; 
0,998704; 0,00491522; 1,99705; 0,00792028; 
0,999193; 0,004869; 1,99784; 0,00785237; 
0,999677; 0,00481958; 1,99862; 0,00777924; 
1,00016; 0,00476705; 1,99939; 0,00770101; 
1,00063; 0,00471147; 2,00016; 0,00761778; 
1,0011; 0,00465292; 2,00091; 0,00752967; 
1,00156; 0,00459147; 2,00166; 0,00743681; 
1,00202; 0,00452721; 2,0024; 0,00733932; 
1,00247; 0,00446022; 2,00313; 0,00723732; 
1,00291; 0,00439057; 2,00385; 0,00713094; 
1,00334; 0,00431836; 2,00456; 0,00702031; 
1,00377; 0,00424365; 2,00525; 0,00690557; 
1,00419; 0,00416654; 2,00594; 0,00678683; 
1,00461; 0,00408711; 2,00661; 0,00666425; 
1,00501; 0,00400545; 2,00727; 0,00653794; 
1,00541; 0,00392165; 2,00792; 0,00640806; 
1,00579; 0,00383579; 2,00855; 0,00627474; 
1,00617; 0,00374795; 2,00917; 0,00613812; 
1,00654; 0,00365824; 2,00978; 0,00599833; 
1,00691; 0,00356673; 2,01037; 0,00585552; 
1,00726; 0,00347352; 2,01095; 0,00570984; 
1,0076; 0,00337869; 2,01151; 0,00556142; 
1,00793; 0,00328235; 2,01206; 0,00541041; 
1,00826; 0,00318456; 2,0126; 0,00525695; 
1,00857; 0,00308544; 2,01311; 0,00510118; 
1,00887; 0,00298506; 2,01362; 0,00494325; 
1,00917; 0,00288352; 2,0141; 0,00478331; 
1,00945; 0,0027809; 2,01457; 0,00462149; 
1,00972; 0,0026773; 2,01503; 0,00445794; 
1,00999; 0,00257281; 2,01546; 0,0042928; 
1,01024; 0,00246752; 2,01588; 0,00412622; 
1,01048; 0,0023615; 2,01629; 0,00395834; 
1,01071; 0,00225487; 2,01668; 0,0037893; 
1,01093; 0,00214769; 2,01705; 0,00361924; 
1,01114; 0,00204006; 2,0174; 0,00344831; 
1,01134; 0,00193207; 2,01774; 0,00327664; 
1,01153; 0,0018238; 2,01806; 0,00310437; 
1,0117; 0,00171533; 2,01836; 0,00293164; 
1,01187; 0,00160676; 2,01864; 0,00275858; 
1,01202; 0,00149817; 2,01891; 0,00258534; 
1,01217; 0,00138963; 2,01916; 0,00241204; 
1,0123; 0,00128123; 2,01939; 0,00223882; 
1,01243; 0,00117305; 2,01961; 0,0020658; 
1,01254; 0,00106518; 2,0198; 0,00189313; 
1,01264; 0,000957683; 2,01999; 0,00172091; 
1,01273; 0,000850645; 2,02015; 0,00154929; 
1,01281; 0,00074414; 2,0203; 0,00137838; 
1,01288; 0,000638244; 2,02042; 0,00120831; 
1,01294; 0,000533031; 2,02054; 0,0010392; 
1,01298; 0,000428573; 2,02063; 0,000871161; 
1,01302; 0,000324941; 2,02071; 0,000704313; 
1,01305; 0,000222204; 2,02077; 0,00053877; 
1,01307; 0,000120432; 2,02082; 0,000374643; 
1,01307; 1,96913e-05; 2,02085; 0,000212041; 
1,01307; -7,99536e-05; 2,02086; 5,10719e-05; 
1,01306; -0,000178439; 2,02086; -0,000108161; 
1,01303; -0,000275702; 2,02084; -0,000265555; 
1,013; -0,000371682; 2,02081; -0,000421012; 
1,01296; -0,000466322; 2,02076; -0,000574433; 
1,01291; -0,000559562; 2,02069; -0,000725725; 
1,01285; -0,000651349; 2,02061; -0,000874797; 
1,01278; -0,000741628; 2,02052; -0,00102156; 
1,0127; -0,000830347; 2,02041; -0,00116593; 
1,01261; -0,000917456; 2,02028; -0,00130781; 
1,01252; -0,00100291; 2,02015; -0,00144714; 
1,01241; -0,00108665; 2,01999; -0,00158383; 
1,0123; -0,00116865; 2,01983; -0,00171781; 
1,01218; -0,00124885; 2,01965; -0,001849; 
1,01205; -0,00132722; 2,01946; -0,00197734; 
1,01191; -0,00140371; 2,01925; -0,00210277; 
1,01177; -0,00147829; 2,01904; -0,0022252; 
1,01162; -0,00155093; 2,01881; -0,0023446; 
1,01146; -0,00162158; 2,01857; -0,0024609; 
1,01129; -0,00169023; 2,01832; -0,00257404; 
1,01112; -0,00175683; 2,01805; -0,00268397; 
1,01094; -0,00182135; 2,01778; -0,00279065; 
1,01076; -0,00188379; 2,0175; -0,00289404; 
1,01057; -0,0019441; 2,0172; -0,00299408; 
1,01037; -0,00200226; 2,0169; -0,00309074; 
1,01016; -0,00205827; 2,01658; -0,00318398; 
1,00996; -0,00211209; 2,01626; -0,00327378; 
1,00974; -0,00216371; 2,01593; -0,00336009; 
1,00952; -0,00221311; 2,01559; -0,0034429; 
1,0093; -0,00226029; 2,01524; -0,00352217; 
1,00907; -0,00230522; 2,01489; -0,0035979; 
1,00884; -0,00234791; 2,01452; -0,00367005; 
1,0086; -0,00238834; 2,01415; -0,00373861; 
1,00836; -0,00242651; 2,01377; -0,00380357; 
1,00812; -0,00246242; 2,01339; -0,00386493; 
1,00787; -0,00249605; 2,013; -0,00392266; 
1,00762; -0,00252741; 2,01261; -0,00397678; 
1,00736; -0,00255651; 2,01221; -0,00402728; 
1,00711; -0,00258334; 2,0118; -0,00407415; 
1,00685; -0,00260791; 2,01139; -0,00411742; 
1,00659; -0,00263023; 2,01098; -0,00415707; 
1,00632; -0,0026503; 2,01056; -0,00419312; 
1,00606; -0,00266813; 2,01014; -0,00422559; 
1,00579; -0,00268374; 2,00971; -0,00425448; 
1,00552; -0,00269713; 2,00929; -0,00427982; 
1,00525; -0,00270833; 2,00886; -0,00430163; 
1,00498; -0,00271734; 2,00843; -0,00431992; 
1,0047; -0,00272418; 2,008; -0,00433473; 
1,00443; -0,00272888; 2,00756; -0,00434607; 
1,00416; -0,00273145; 2,00713; -0,00435399; 
1,00389; -0,00273192; 2,00669; -0,00435851; 
1,00361; -0,0027303; 2,00625; -0,00435966; 
1,00334; -0,00272662; 2,00582; -0,00435748; 
1,00307; -0,00272091; 2,00538; -0,00435202; 
1,0028; -0,0027132; 2,00495; -0,0043433; 
1,00252; -0,0027035; 2,00451; -0,00433138; 
1,00226; -0,00269186; 2,00408; -0,0043163; 
1,00199; -0,0026783; 2,00365; -0,00429809; 
1,00172; -0,00266285; 2,00322; -0,00427682; 
1,00145; -0,00264554; 2,0028; -0,00425254; 
1,00119; -0,00262642; 2,00237; -0,00422528; 
1,00093; -0,0026055; 2,00195; -0,00419512; 
1,00067; -0,00258284; 2,00153; -0,00416209; 
1,00041; -0,00255846; 2,00112; -0,00412626; 
1,00016; -0,00253241; 2,00071; -0,0040877; 
0,999906; -0,00250471; 2,0003; -0,00404644; 
0,999657; -0,00247542; 1,9999; -0,00400257; 
0,999411; -0,00244457; 1,9995; -0,00395613; 
0,999168; -0,0024122; 1,99911; -0,0039072; 
0,998928; -0,00237835; 1,99872; -0,00385584; 
0,998692; -0,00234306; 1,99834; -0,00380211; 
0,99846; -0,00230639; 1,99796; -0,00374608; 
0,998231; -0,00226836; 1,99759; -0,00368782; 
0,998006; -0,00222903; 1,99722; -0,0036274; 
0,997785; -0,00218843; 1,99686; -0,00356488; 
0,997569; -0,00214662; 1,99651; -0,00350035; 
0,997356; -0,00210364; 1,99616; -0,00343386; 
0,997148; -0,00205953; 1,99582; -0,0033655; 
0,996944; -0,00201435; 1,99549; -0,00329533; 
0,996745; -0,00196813; 1,99516; -0,00322342; 
0,996551; -0,00192092; 1,99484; -0,00314986; 
0,996361; -0,00187277; 1,99453; -0,00307472; 
0,996176; -0,00182373; 1,99423; -0,00299806; 
0,995996; -0,00177384; 1,99393; -0,00291997; 
0,995821; -0,00172315; 1,99365; -0,00284053; 
0,995652; -0,00167171; 1,99337; -0,00275979; 
0,995487; -0,00161957; 1,99309; -0,00267785; 
0,995328; -0,00156677; 1,99283; -0,00259478; 
0,995174; -0,00151337; 1,99257; -0,00251065; 
0,995025; -0,0014594; 1,99233; -0,00242553; 
0,994882; -0,00140491; 1,99209; -0,00233951; 
0,994744; -0,00134996; 1,99186; -0,00225266; 
0,994612; -0,00129459; 1,99164; -0,00216506; 
0,994485; -0,00123884; 1,99143; -0,00207678; 
0,994364; -0,00118277; 1,99122; -0,00198788; 
0,994249; -0,00112641; 1,99103; -0,00189846; 
0,994139; -0,00106982; 1,99084; -0,00180858; 
0,994035; -0,00101304; 1,99067; -0,00171832; 
0,993936; -0,000956118; 1,9905; -0,00162774; 
0,993843; -0,000899095; 1,99034; -0,00153693; 
0,993756; -0,000842018; 1,99019; -0,00144595; 
0,993675; -0,000784929; 1,99005; -0,00135487; 
0,993599; -0,000727873; 1,98992; -0,00126377; 
0,99353; -0,000670893; 1,9898; -0,00117271; 
0,993465; -0,000614031; 1,98969; -0,00108176; 
0,993407; -0,000557329; 1,98958; -0,000990996; 
0,993354; -0,000500829; 1,98949; -0,000900476; 
0,993307; -0,000444571; 1,9894; -0,000810271; 
0,993265; -0,000388595; 1,98933; -0,000720444; 
0,993229; -0,000332942; 1,98926; -0,00063106; 
0,993198; -0,000277649; 1,9892; -0,000542182; 
0,993173; -0,000222754; 1,98915; -0,000453871; 
0,993154; -0,000168296; 1,98911; -0,00036619; 
0,99314; -0,00011431; 1,98908; -0,000279197; 
0,993131; -6,08332e-05; 1,98905; -0,000192952; 
0,993127; -7,89969e-06; 1,98904; -0,000107511; 
0,993129; 4,4456e-05; 1,98903; -2,29304e-05; 
0,993136; 9,62004e-05; 1,98903; 6,07346e-05; 
0,993148; 0,000147301; 1,98905; 0,000143431; 
0,993166; 0,000197726; 1,98906; 0,000225105; 
0,993188; 0,000247444; 1,98909; 0,000305708; 
0,993215; 0,000296426; 1,98912; 0,000385189; 
0,993247; 0,000344642; 1,98917; 0,000463501; 
0,993284; 0,000392064; 1,98922; 0,000540596; 
0,993326; 0,000438665; 1,98928; 0,00061643; 
0,993372; 0,000484418; 1,98934; 0,000690958; 
0,993422; 0,000529298; 1,98941; 0,000764139; 
0,993478; 0,000573281; 1,98949; 0,000835932; 
0,993537; 0,000616342; 1,98958; 0,000906297; 
0,993601; 0,00065846; 1,98967; 0,000975197; 
0,993669; 0,000699613; 1,98978; 0,00104259; 
0,993741; 0,000739779; 1,98988; 0,00110846; 
0,993817; 0,00077894; 1,99; 0,00117275; 
0,993896; 0,000817076; 1,99012; 0,00123544; 
0,99398; 0,000854171; 1,99024; 0,0012965; 
0,994067; 0,000890206; 1,99038; 0,0013559; 
0,994158; 0,000925167; 1,99052; 0,00141361; 
0,994252; 0,000959039; 1,99066; 0,00146962; 
0,99435; 0,000991808; 1,99081; 0,00152388; 
0,994451; 0,00102346; 1,99096; 0,00157639; 
0,994554; 0,00105399; 1,99112; 0,00162713; 
0,994661; 0,00108337; 1,99129; 0,00167606; 
0,994771; 0,00111161; 1,99146; 0,00172318; 
0,994884; 0,0011387; 1,99163; 0,00176847; 
0,994999; 0,00116461; 1,99181; 0,00181191; 
0,995117; 0,00118936; 1,992; 0,0018535; 
0,995237; 0,00121293; 1,99218; 0,00189322; 
0,995359; 0,00123531; 1,99237; 0,00193106; 
0,995484; 0,00125651; 1,99257; 0,00196702; 
0,99561; 0,00127652; 1,99277; 0,00200108; 
0,995739; 0,00129534; 1,99297; 0,00203325; 
0,995869; 0,00131297; 1,99317; 0,00206351; 
0,996002; 0,0013294; 1,99338; 0,00209187; 
0,996135; 0,00134464; 1,99359; 0,00211833; 
0,99627; 0,00135869; 1,99381; 0,00214289; 
0,996407; 0,00137155; 1,99402; 0,00216554; 
0,996545; 0,00138323; 1,99424; 0,0021863; 
0,996684; 0,00139373; 1,99446; 0,00220516; 
0,996823; 0,00140305; 1,99468; 0,00222214; 
0,996964; 0,0014112; 1,9949; 0,00223724; 
0,997106; 0,00141818; 1,99513; 0,00225048; 
0,997248; 0,00142401; 1,99535; 0,00226186; 
0,99739; 0,0014287; 1,99558; 0,00227139; 
0,997533; 0,00143224; 1,99581; 0,00227909; 
0,997677; 0,00143466; 1,99604; 0,00228497; 
0,99782; 0,00143596; 1,99626; 0,00228904; 
0,997964; 0,00143615; 1,99649; 0,00229134; 
0,998107; 0,00143525; 1,99672; 0,00229186; 
0,998251; 0,00143327; 1,99695; 0,00229064; 
0,998394; 0,00143022; 1,99718; 0,00228768; 
0,998537; 0,00142611; 1,99741; 0,00228302; 
0,998679; 0,00142097; 1,99764; 0,00227668; 
0,998821; 0,0014148; 1,99786; 0,00226867; 
0,998962; 0,00140762; 1,99809; 0,00225902; 
0,999103; 0,00139946; 1,99832; 0,00224777; 
0,999242; 0,00139031; 1,99854; 0,00223493; 
0,999381; 0,00138022; 1,99876; 0,00222053; 
0,999518; 0,00136918; 1,99898; 0,0022046; 
0,999654; 0,00135722; 1,9992; 0,00218717; 
0,999789; 0,00134437; 1,99942; 0,00216827; 
0,999923; 0,00133063; 1,99964; 0,00214792; 
1,00006; 0,00131603; 1,99985; 0,00212617; 
1,00019; 0,00130059; 2,00006; 0,00210304; 
1,00032; 0,00128434; 2,00027; 0,00207857; 
1,00044; 0,00126728; 2,00048; 0,00205279; 
1,00057; 0,00124945; 2,00068; 0,00202573; 
1,00069; 0,00123087; 2,00088; 0,00199742; 
1,00082; 0,00121155; 2,00108; 0,00196791; 
1,00094; 0,00119153; 2,00128; 0,00193723; 