-6.90205;8.74023;0.999999;3;7.50649e-13;2;154;1;3;2.77658e-14;2;49;0.999999;3;4.00214e-12;2;302;302
7.25243;-8.30727;-nan(ind);-nan(ind);-nan(ind);2;10001;1;3;6.72599e-15;2;56;1;3;7.66406e-13;2;131;131
3.76306;-5.72828;1;3;2.36445e-14;78;0;1;3;8.02276e-24;78;0;1;3;6.70532e-29;17;0;0
83572;-8.37073;1;3;7.80081e-13;2;141;1;3;3.89073e-14;2;46;0.999999;3;2.85054e-11;2;309;309
6.47954;4.24644;1;3;7.33913e-13;2;143;1;3;2.2146e-14;2;47;1;3;2.30444e-11;2;291;291
2.16379;0.888208;1;3;6.69785e-13;2;141;1;3;3.99392e-14;2;45;1;3;5.83544e-12;2;274;274
-5.91295;-7.7373;1;3;7.39533e-13;2;142;1;3;4.52247e-14;2;46;0.999999;3;2.95983e-11;2;307;307
-8.98029;-2.4138;0.999999;3;6.91795e-13;2;144;1;3;2.92246e-14;2;47;0.999998;3;2.77681e-11;2;305;305
3.95469;7.68691;0.999999;3;6.63212e-13;2;135;1;3;4.18632e-14;2;44;1;3;2.86544e-11;2;291;291
-0.253779;2.84301;0.999999;3;7.62555e-13;2;130;1;3;3.00545e-14;2;43;0.999998;3;2.03011e-11;2;262;262
-5.46267;7.24978;0.999999;3;7.05457e-13;2;152;1;3;4.03839e-14;2;48;0.999998;3;4.65286e-12;2;297;297
8.80996;-2.7928;1;3;7.46306e-13;2;154;1;3;2.70189e-14;2;49;1;3;3.88782e-12;2;302;302
-6.65487;1.3429;0.999999;3;7.83001e-13;2;146;1;3;2.10952e-14;2;48;0.999998;3;2.3916e-11;2;297;297
6.28547;5.80575;1;3;7.22285e-13;2;138;1;3;3.99974e-14;2;45;1;3;2.91296e-11;2;292;292
3.67124;5.35548;1;3;7.92338e-13;2;118;1;3;3.06592e-14;2;40;1;3;3.10518e-11;2;282;282
-9.25014;-3.20235;0.999999;3;6.71064e-13;2;143;1;3;2.33098e-14;2;47;0.999998;3;2.85386e-11;2;306;306
9.56876;3.6387;1;3;7.27431e-13;2;149;1;3;3.37206e-14;2;48;1;3;1.97062e-11;2;299;299
-5.56835;-7.08595;1;3;7.72415e-13;2;141;1;3;3.83052e-14;2;46;0.999999;3;2.91917e-11;2;306;306
-5.66612;-3.50798;0.999999;3;7.03641e-13;2;112;1;3;4.20227e-14;2;38;0.999999;3;3.03579e-11;2;301;301
4.12087;-8.55482;1;3;7.03631e-13;2;155;1;3;4.38895e-14;2;49;1;3;9.95557e-12;2;306;306
8.58861;-6.33331;1;3;7.57761e-13;2;156;1;3;3.73238e-14;2;49;1;3;3.65087e-12;2;306;306
-3.47352;-3.70013;1;3;7.18966e-13;2;137;1;3;3.31417e-14;2;45;0.999999;3;2.98389e-11;2;298;298
3.04518;-8.11079;1;3;6.98085e-13;2;154;1;3;3.69114e-14;2;49;1;3;1.17685e-11;2;305;305
-2.01656;7.91606;0.999999;3;7.279e-13;2;149;1;3;2.30113e-14;2;48;0.999999;3;5.17195e-12;2;291;291
2.70124;9.06769;0.999999;3;7.80878e-13;2;143;1;3;2.42359e-14;2;47;1;3;2.48284e-11;2;293;293
-7.63148;0.533228;0.999999;3;6.70027e-13;2;147;1;3;2.31475e-14;2;48;0.999998;3;2.46902e-11;2;300;300
4.29495;6.47936;0.999999;3;7.75027e-13;2;113;1;3;5.03527e-14;2;38;1;3;3.04632e-11;2;288;288
-9.01087;-2.64105;0.999999;3;7.82087e-13;2;143;1;3;2.69051e-14;2;47;0.999998;3;2.86743e-11;2;305;305
-6.97298;-7.09645;1;3;8.07284e-13;2;136;1;3;3.05321e-14;2;45;0.999999;3;3.09073e-11;2;307;307
7.86953;9.85062;1;3;6.80405e-13;2;92;1;3;4.52485e-14;2;33;1;3;2.97158e-11;2;302;302
-5.00474;2.03402;0.999999;3;6.82253e-13;2;145;1;3;3.01666e-14;2;47;0.999998;3;2.04319e-11;2;293;293
-1.21229;1.3623;0.999999;3;7.41035e-13;2;124;1;3;2.16995e-14;2;42;0.999999;3;3.04848e-11;2;277;277
1.24649;8.72701;0.999999;3;8.07126e-13;2;145;1;3;3.30643e-14;2;47;1;3;1.90388e-11;2;291;291
5.40606;-3.51003;1;3;7.32534e-13;2;152;1;3;4.11252e-14;2;48;1;3;4.20378e-12;2;298;298
8.0468;-9.88789;1;3;6.89957e-13;2;158;1;3;3.26264e-14;2;50;1;3;5.43826e-12;2;310;310
6.58002;7.03226;1;3;8.07026e-13;2;133;1;3;3.39609e-14;2;44;1;3;2.99945e-11;2;295;295
1.94332;9.85527;0.999999;3;7.60754e-13;2;146;1;3;4.0926e-14;2;47;1;3;2.09437e-11;2;295;295
-8.86136;8.10639;0.999999;3;7.31915e-13;2;155;1;3;4.01654e-14;2;49;0.999998;3;6.10772e-12;2;304;304
0.42005;4.08519;0.999999;3;7.56594e-13;2;134;1;3;2.17346e-14;2;44;0.999999;3;5.96632e-12;2;261;261
6.92875;-4.62903;1;3;7.41379e-13;2;154;1;3;2.54177e-14;2;49;1;3;3.68044e-12;2;302;302
-7.53978;-6.21497;1;3;6.71324e-13;2;126;1;3;3.05932e-14;2;42;0.999999;3;2.97993e-11;2;307;307
3.56642;-8.04602;1;3;7.47368e-13;2;154;1;3;3.85047e-14;2;49;1;3;1.07329e-11;2;305;305
-7.70413;-2.1593;0.999999;3;7.84421e-13;2;141;1;3;3.85259e-14;2;46;0.999998;3;3.05601e-11;2;302;302
-5.94004;-3.22463;0.999999;3;7.53696e-13;2;126;1;3;3.39452e-14;2;42;0.999999;3;3.03239e-11;2;301;301
1.95718;-6.96942;1;3;7.33944e-13;2;152;1;3;2.67963e-14;2;49;1;3;1.49155e-11;2;302;302
-5.25212;0.325461;0.999999;3;7.98981e-13;2;141;1;3;3.77528e-14;2;46;0.999998;3;2.62543e-11;2;295;295
2.64882;-4.54459;1;3;7.9191e-13;2;150;1;3;3.8147e-14;2;48;1;3;1.16406e-11;2;297;297
-1.56006;-8.88023;1;3;6.59258e-13;2;151;1;3;2.37598e-14;2;49;1;3;2.28487e-11;2;306;306
9.64438;8.86423;1;3;7.35398e-13;2;139;1;3;2.40267e-14;2;46;1;3;3.01118e-11;2;303;303
-9.48038;2.10378;0.999999;3;6.97134e-13;2;151;1;3;2.31914e-14;2;49;0.999998;3;1.98933e-11;2;303;303
-7.20022;-8.81364;1;3;6.60208e-13;2;142;1;3;4.06825e-14;2;46;0.999999;3;3.0948e-11;2;309;309
5.93006;7.91912;1;3;8.07152e-13;2;86;1;3;3.41954e-14;2;32;1;3;3.14007e-11;2;295;295
2.91005;-3.21533;1;3;7.63705e-13;2;149;1;3;2.85506e-14;2;48;1;3;9.27918e-12;2;294;294
4.15811;7.13468;0.999999;3;7.46358e-13;2;129;1;3;2.94777e-14;2;43;1;3;3.19233e-11;2;289;289
-3.56661;6.18679;0.999999;3;6.95379e-13;2;149;1;3;4.22404e-14;2;47;0.999998;3;4.18802e-12;2;291;291
0.734292;-3.23951;1;3;7.76756e-13;2;146;1;3;3.92723e-14;2;47;1;3;1.83936e-11;2;293;293
-4.96046;4.94339;0.999999;3;7.22629e-13;2;149;1;3;2.67779e-14;2;48;0.999998;3;9.1716e-12;2;293;293
-6.05901;-2.47631;0.999999;3;6.83538e-13;2;134;1;3;3.57666e-14;2;44;0.999999;3;3.05081e-11;2;300;300
5.6773;-7.77871;1;3;7.80446e-13;2;155;1;3;4.48359e-14;2;49;1;3;7.39997e-12;2;305;305
-8.12622;8.64815;0.999999;3;7.13125e-13;2;155;1;3;3.65141e-14;2;49;0.999998;3;4.67385e-12;2;304;304
-7.32271;6.22953;0.999999;3;6.64523e-13;2;153;1;3;2.56375e-14;2;49;0.999998;3;7.90137e-12;2;300;300
-2.84789;1.86295;0.999999;3;6.99192e-13;2;139;1;3;4.37248e-14;2;45;0.999998;3;2.56792e-11;2;284;284
-8.01558;-5.37916;0.999999;3;7.36353e-13;2;125;1;3;2.72438e-14;2;42;0.999999;3;3.16927e-11;2;306;306
-0.382462;-5.27665;1;3;6.78765e-13;2;148;1;3;2.70522e-14;2;48;1;3;2.11697e-11;2;299;299
3.13755;-8.13302;1;3;7.10301e-13;2;154;1;3;3.73941e-14;2;49;1;3;1.16605e-11;2;305;305
6.09461;-8.20771;1;3;7.03285e-13;2;156;1;3;2.29456e-14;2;50;1;3;7.00619e-12;2;306;306
-8.26296;-3.86709;0.999999;3;6.74265e-13;2;138;1;3;3.87131e-14;2;45;0.999999;3;3.02654e-11;2;305;305
-0.844201;-4.24036;1;3;7.82468e-13;2;145;1;3;3.65262e-14;2;47;1;3;2.26122e-11;2;297;297
3.85574;-4.82384;1;3;7.01135e-13;2;152;1;3;4.80011e-14;2;48;1;3;8.02182e-12;2;299;299
-9.67757;2.8616;0.999999;3;6.8282e-13;2;152;1;3;2.67289e-14;2;49;0.999998;3;1.66285e-11;2;304;304
-7.93458;-9.87691;1;3;7.85866e-13;2;142;1;3;2.24793e-14;2;47;0.999999;3;2.99391e-11;2;311;311
0.149074;-3.11846;1;3;7.45612e-13;2;145;1;3;3.25206e-14;2;47;1;3;2.05287e-11;2;293;293
5.17608;-0.683388;1;3;7.14536e-13;2;149;1;3;3.37899e-14;2;47;1;3;3.46728e-12;2;291;291
-0.14149;-3.66701;1;3;6.64553e-13;2;146;1;3;3.65082e-14;2;47;1;3;2.08348e-11;2;295;295
3.94306;-0.032447;1;3;7.77199e-13;2;146;1;3;3.8127e-14;2;46;1;3;3.58962e-12;2;285;285
-2.96568;-6.99448;1;3;7.91125e-13;2;146;1;3;2.32616e-14;2;48;0.999999;3;2.55772e-11;2;304;304
-8.44366;-2.78797;0.999999;3;6.75744e-13;2;142;1;3;4.11162e-14;2;46;0.999998;3;3.00212e-11;2;304;304
-2.07782;6.17581;0.999999;3;6.89497e-13;2;147;1;3;4.17665e-14;2;46;0.999999;3;3.54892e-12;2;286;286
-6.0073;7.46664;0.999999;3;8.09316e-13;2;152;1;3;4.71982e-14;2;48;0.999998;3;4.52751e-12;2;299;299
0.622096;9.83047;0.999999;3;7.42039e-13;2;148;1;3;2.56461e-14;2;48;1;3;1.53462e-11;2;295;295
8.7618;4.41652;1;3;7.09854e-13;2;147;1;3;2.31358e-14;2;48;1;3;2.11095e-11;2;298;298
3.40096;-4.76092;1;3;7.83711e-13;2;151;1;3;4.46123e-14;2;48;1;3;9.5662e-12;2;298;298
-9.08918;-4.31123;0.999999;3;7.34241e-13;2;139;1;3;2.41514e-14;2;46;0.999999;3;2.86981e-11;2;307;307
-4.69069;-8.94849;1;3;6.90416e-13;2;147;1;3;2.57471e-14;2;48;0.999999;3;2.69117e-11;2;308;308
-2.15048;8.62056;0.999999;3;7.20816e-13;2;150;1;3;2.92137e-14;2;48;0.999999;3;5.25419e-12;2;294;294
8.11202;1.36685;1;3;7.16571e-13;2;150;1;3;3.43289e-14;2;48;1;3;1.12518e-11;2;296;296
8.26653;3.48203;1;3;6.57339e-13;2;148;1;3;2.45495e-14;2;48;1;3;1.90341e-11;2;296;296
-7.53099;5.05718;0.999999;3;6.89184e-13;2;152;1;3;5.00397e-14;2;48;0.999998;3;1.05368e-11;2;300;300
-5.49952;0.632785;0.999999;3;6.99379e-13;2;12;306;306
-5.79498;6.31566;0.999999;3;7.75828e-13;2;151;1;3;4.0491e-14;2;48;0.999998;3;6.18639e-12;2;297;297
4.92599;5.70499;1;3;7.65494e-13;2;131;1;3;4.56166e-14;2;43;1;3;2.92953e-11;2;288;288
7.93916;0.168429;1;3;7.24539e-13;2;151;1;3;3.93643e-14;2;48;1;3;7.24514e-12;2;297;297
2.90632;-7.06158;1;3;7.13204e-13;2;153;1;3;3.04553e-14;2;49;1;3;1.17426e-11;2;303;303
-9.96488;-7.31994;0.999999;3;7.56201e-13;2;125;1;3;2.84025e-14;2;42;0.999999;3;3.14798e-11;2;310;310
6.87991;-1.91416;1;3;7.16248e-13;2;152;1;3;3.20783e-14;2;48;1;3;3.6591e-12;2;297;297
-2.07787;-2.52727;1;3;7.04729e-13;2;138;1;3;3.92769e-14;2;45;0.999999;3;2.96929e-11;2;293;293
-2.30116;-7.87356;1;3;6.63293e-13;2;149;1;3;3.52381e-14;2;48;0.999999;3;2.40546e-11;2;305;305
-0.555314;3.27317;0.999999;3;7.38973e-13;2;135;1;3;3.15145e-14;2;44;0.999998;3;1.27799e-11;2;266;266
-5.98887;-4.82227;1;3;6.71044e-13;2;128;1;3;2.19372e-14;2;43;0.999999;3;3.12642e-11;2;303;303
-5.73293;4.45567;0.999999;3;7.75633e-13;2;149;1;3;3.02993e-14;2;48;0.999998;3;1.14265e-11;2;295;295
5.39105;-2.37284;-nan(ind);-nan(ind);-nan(ind);2;10001;1;3;4.3034e-15;2;37;1;3;5.31707e-13;2;126;126
-1.82193;1.20068;-nan(ind);-nan(ind);-nan(ind);2;10001;1;3;7.16764e-15;2;36;0.999999;3;4.58067e-12;2;120;120
-7.5119;5.77857;-nan(ind);-nan(ind);-nan(ind);2;10001;1;3;4.42836e-15;2;36;0.999999;3;1.29777e-12;2;128;128
8.12386;6.31988;-nan(ind);-nan(ind);-nan(ind);2;10001;1;3;6.4761e-15;2;41;1;3;3.94347e-12;2;127;127
9.45887;-8.16661;-nan(ind);-nan(ind);-nan(ind);2;10001;1;3;3.05062e-15;2;37;1;3;4.97408e-13;2;132;132
-5.61606;7.18931;-nan(ind);-nan(ind);-nan(ind);2;10001;1;3;7.48164e-15;2;44;0.999999;3;6.72047e-13;2;127;127
-5.24732;8.16862;-nan(ind);-nan(ind);-nan(ind);2;10001;1;3;9.60823e-15;2;38;0.999999;3;5.57391e-13;2;127;127
-8.82994;8.33494;-nan(ind);-nan(ind);-nan(ind);2;10001;1;3;7.14232e-15;2;55;0.999999;3;7.57131e-13;2;130;130
-1.63061;-5.51115;-nan(ind);-nan(ind);-nan(ind);2;10001;1;3;3.15406e-15;2;42;1;3;3.5312e-12;2;128;128
2.6693;-1.69983;-nan(ind);-nan(ind);-nan(ind);2;10001;1;3;3.09496e-15;2;38;1;3;1.05042e-12;2;124;124
7.39568;3.0209;-nan(ind);-nan(ind);-nan(ind);2;10001;1;3;2.55191e-15;2;46;1;3;2.10207e-12;2;126;126
-0.640171;8.03032;-nan(ind);-nan(ind);-nan(ind);2;10001;1;3;6.15646e-15;2;35;1;3;1.26107e-12;2;124;124
0.800786;6.51545;-nan(ind);-nan(ind);-nan(ind);2;10001;1;3;4.17438e-15;2;45;1;3;2.0701e-12;2;121;121
3.24406;-0.430579;-nan(ind);-nan(ind);-nan(ind);2;10001;1;3;9.15736e-15;2;49;1;3;6.37849e-13;2;122;122
0.270756;-5.5467;-nan(ind);-nan(ind);-nan(ind);2;10001;1;3;3.52011e-15;2;40;1;3;2.56142e-12;2;128;128
-4.78053;-9.70108;-nan(ind);-nan(ind);-nan(ind);2;10001;1;3;5.52359e-15;2;42;1;3;3.44216e-12;2;132;132
8.93348;9.91099;-nan(ind);-nan(ind);-nan(ind);2;10001;1;3;9.16131e-15;2;45;1;3;4.71086e-12;2;129;129
-8.62222;-9.14594;-nan(ind);-nan(ind);-nan(ind);2;10001;1;3;4.91964e-15;2;51;1;3;4.70901e-12;2;132;132
-8.69068;2.3573;-nan(ind);-nan(ind);-nan(ind);2;10001;1;3;4.7681e-15;2;40;0.999999;3;2.47589e-12;2;129;129
5.46516;7.78026;-nan(ind);-nan(ind);-nan(ind);2;10001;1;3;5.40549e-15;2;31;1;3;3.93328e-12;2;126;126
2.7369;-4.50128;-nan(ind);-nan(ind);-nan(ind);2;10001;1;3;7.2638e-15;2;36;1;3;1.52177e-12;2;127;127
-1.29654;1.21672;-nan(ind);-nan(ind);-nan(ind);2;10001;nan;nan;nan;2;10001;0.999999;3;4.59339e-12;2;119;119
5.81341;2.31722;-nan(ind);-nan(ind);-nan(ind);2;10001;nan;nan;nan;2;10001;1;3;2.0229e-12;2;123;123
7.68902;-5.23826;-nan(ind);-nan(ind);-nan(ind);2;10001;1;3;1.08473e-14;2;36;1;3;5.80289e-13;2;129;129
3.84523;-1.1226;-nan(ind);-nan(ind);-nan(ind);2;10001;nan;nan;nan;2;10001;1;3;5.39057e-13;2;124;124
-6.1828;6.31894;-nan(ind);-nan(ind);-nan(ind);2;10001;1;3;1.04655e-14;2;44;0.999999;3;9.68539e-13;2;127;127
-9.03678;7.80028;-nan(ind);-nan(ind);-nan(ind);2;10001;1;3;2.79413e-15;2;54;0.999999;3;8.58448e-13;2;130;130
0.399806;5.81611;-nan(ind);-nan(ind);-nan(ind);2;10001;1;3;3.71951e-15;2;35;1;3;1.70992e-12;2;119;119
5.86031;9.67463;-nan(ind);-nan(ind);-nan(ind);2;10001;1;3;4.6788e-15;2;37;1;3;3.68129e-12;2;128;128
3.05204;6.81227;-nan(ind);-nan(ind);-nan(ind);2;10001;1;3;5.38085e-15;2;39;1;3;4.44368e-12;2;122;122
4.54693;3.76212;-nan(ind);-nan(ind);-nan(ind);2;10001;1;3;5.41869e-15;2;39;1;3;3.20985e-12;2;121;121
9.58865;9.404;-nan(ind);-nan(ind);-nan(ind);2;10001;1;3;5.06836e-15;2;37;1;3;3.7281e-12;2;130;130
2.05564;8.20195;-nan(ind);-nan(ind);-nan(ind);2;10001;1;3;1.00887e-14;2;39;1;3;3.15076e-12;2;124;124
-4.77053;6.78381;-nan(ind);-nan(ind);-nan(ind);2;10001;1;3;6.45779e-15;2;46;0.999999;3;6.48266e-13;2;126;126
-9.46583;-7.3631;-nan(ind);-nan(ind);-nan(ind);2;10001;1;3;5.57561e-15;2;39;1;3;4.305e-12;2;132;132
7.55561;0.717106;-nan(ind);-nan(ind);-nan(ind);2;10001;1;3;3.28888e-15;2;62;1;3;1.23931e-12;2;126;126
-9.41106;-9.85003;-nan(ind);-nan(ind);-nan(ind);2;10001;1;3;8.916e-15;2;62;1;3;4.16288e-12;2;133;133
-7.22703;-0.785644;-nan(ind);-nan(ind);-nan(ind);2;10001;1;3;8.82914e-15;2;41;0.999999;3;4.04206e-12;2;128;128
-7.7731;1.02268;-nan(ind);-nan(ind);-nan(ind);2;10001;1;3;1.02231e-14;2;40;0.999999;3;3.33038e-12;2;128;128
3.37509;-0.331038;-nan(ind);-nan(ind);-nan(ind);2;10001;1;3;3.02419e-15;2;34;1;3;5.79744e-13;2;122;122
-3.55278;-9.23477;-nan(ind);-nan(ind);-nan(ind);2;10001;1;3;4.63297e-15;2;42;1;3;3.69518e-12;2;131;131
2.94828;3.35596;-nan(ind);-nan(ind);-nan(ind);2;10001;1;3;3.90187e-15;2;38;1;3;3.31665e-12;2;116;116
0.779269;9.22526;-nan(ind);-nan(ind);-nan(ind);2;10001;1;3;7.59358e-15;2;45;1;3;2.41639e-12;2;125;125
7.75353;4.88838;-nan(ind);-nan(ind);-nan(ind);2;10001;1;3;5.78704e-15;2;41;1;3;3.5571e-12;2;126;126
8.56212;0.9615;-nan(ind);-nan(ind);-nan(ind);2;10001;1;3;4.76083e-15;2;36;1;3;1.45197e-12;2;127;127
-7.33233;4.98664;-nan(ind);-nan(ind);-nan(ind);2;10001;1;3;8.80212e-15;2;36;0.999999;3;1.43749e-12;2;128;128
8.15807;-3.9777;-nan(ind);-nan(ind);-nan(ind);2;10001;1;3;3.19596e-15;2;29;1;3;4.75088e-13;2;129;129
-1.34982;1.97744;-nan(ind);-nan(ind);-nan(ind);2;10001;1;3;6.53726e-15;2;39;0.999999;3;4.11533e-12;2;118;118
-1.25004;2.9563;-nan(ind);-nan(ind);-nan(ind);2;10001;1;3;3.46624e-15;2;38;0.999999;3;2.66531e-12;2;117;117
-3.02432;-1.87408;-nan(ind);-nan(ind);-nan(ind);2;10001;1;3;3.26822e-15;2;49;1;3;4.70917e-12;2;125;125
6.81189;-8.82108;-nan(ind);-nan(ind);-nan(ind);2;10001;1;3;8.49295e-15;2;60;1;3;9.05377e-13;2;131;131
-3.45324;-6.41084;-nan(ind);-nan(ind);-nan(ind);2;10001;1;3;2.79318e-15;2;42;1;3;4.16535e-12;2;129;129
-7.63454;-1.15738;-nan(ind);-nan(ind);-nan(ind);2;10001;1;3;8.20822e-15;2;41;0.999999;3;3.54393e-12;2;129;129
-7.31803;1.37038;-nan(ind);-nan(ind);-nan(ind);2;10001;1;3;6.34282e-15;2;40;0.999999;3;2.86749e-12;2;128;128
-5.51266;-9.68602;-nan(ind);-nan(ind);-nan(ind);2;10001;1;3;2.64042e-15;2;42;1;3;3.69949e-12;2;132;132
5.02367;7.26157;-nan(ind);-nan(ind);-nan(ind);2;10001;1;3;3.28276e-15;2;31;1;3;4.07878e-12;2;125;125
-4.05497;6.50719;-nan(ind);-nan(ind);-nan(ind);2;10001;nan;nan;nan;2;10001;0.999999;3;6.26287e-13;2;125;125
-4.98199;-8.90736;-nan(ind);-nan(ind);-nan(ind);2;10001;1;3;2.89874e-15;2;42;1;3;4.15072e-12;2;131;131
-8.33506;1.72888;-nan(ind);-nan(ind);-nan(ind);2;10001;1;3;4.19534e-15;2;40;0.999999;3;2.55797e-12;2;129;129
7.02829;-5.69672;-nan(ind);-nan(ind);-nan(ind);2;10001;nan;nan;nan;2;10001;1;3;6.6691e-13;2;129;129
4.8799;6.56302;-nan(ind);-nan(ind);-nan(ind);2;10001;1;3;6.35705e-15;2;40;1;3;4.25099e-12;2;124;124
3.8426;6.71784;-nan(ind);-nan(ind);-nan(ind);2;10001;1;3;5.79354e-15;2;48;1;3;4.27241e-12;2;123;123
4.8353;1.25647;-nan(ind);-nan(ind);-nan(ind);2;10001;1;3;4.36414e-15;2;64;1;3;1.00219e-12;2;122;122
-3.85197;-2.32336;-nan(ind);-nan(ind);-nan(ind);2;10001;1;3;1.02043e-14;2;42;1;3;4.76482e-12;2;126;126
-6.17098;-0.634152;-nan(ind);-nan(ind);-nan(ind);2;10001;1;3;3.82163e-15;2;41;0.999999;3;4.20931e-12;2;127;127
-4.02407;6.15851;-nan(ind);-nan(ind);-nan(ind);2;10001;nan;nan;nan;2;10001;0.999999;3;6.48772e-13;2;125;125
-1.31013;9.22939;-nan(ind);-nan(ind);-nan(ind);2;10001;1;3;4.11825e-15;2;45;1;3;1.07953e-12;2;126;126
2.5773;2.44271;-nan(ind);-nan(ind);-nan(ind);2;10001;1;3;4.57055e-15;2;36;1;3;1.18476e-12;2;115;115
-9.0797;-6.08034;-nan(ind);-nan(ind);-nan(ind);2;10001;1;3;8.12702e-15;2;36;0.999999;3;4.7054e-12;2;131;131
-6.8538;9.87264;-nan(ind);-nan(ind);-nan(ind);2;10001;1;3;6.77716e-15;2;54;0.999999;3;5.35436e-13;2;129;129
-7.17556;-8.56622;-nan(ind);-nan(ind);-nan(ind);2;10001;1;3;5.63698e-15;2;38;1;3;3.88e-12;2;132;132
9.37954;-7.83081;-nan(ind);-nan(ind);-nan(ind);2;10001;1;3;3.04638e-15;2;37;1;3;6.02406e-13;2;131;131
-9.99091;-7.77132;-nan(ind);-nan(ind);-nan(ind);2;10001;1;3;1.08174e-14;2;44;0.999999;3;4.69947e-12;2;132;132
-8.91933;9.9438;-nan(ind);-nan(ind);-nan(ind);2;10001;nan;nan;nan;2;10001;0.999999;3;5.18311e-13;2;131;131
9.6566;9.16056;-nan(ind);-nan(ind);-nan(ind);2;10001;1;3;2.9182e-15;2;38;1;3;4.70586e-12;2;129;129
-8.09548;-0.753521;-nan(ind);-nan(ind);-nan(ind);2;10001;1;3;8.66475e-15;2;62;0.999999;3;3.59536e-12;2;129;129
4.61111;8.92288;-nan(ind);-nan(ind);-nan(ind);2;10001;1;3;8.14391e-15;2;37;1;3;4.20943e-12;2;126;126
3.72254;0.716283;-nan(ind);-nan(ind);-nan(ind);2;10001;nan;nan;nan;2;10001;1;3;4.91861e-13;2;121;121
-9.59581;3.53105;-nan(ind);-nan(ind);-nan(ind);2;10001;1;3;3.20911e-15;2;47;0.999999;3;2.45838e-12;2;129;129
7.95027;-9.82228;-nan(ind);-nan(ind);-nan(ind);2;10001;1;3;8.19434e-15;2;83;1;3;7.73188e-13;2;132;132
1.05155;9.80065;-nan(ind);-nan(ind);-nan(ind);2;10001;1;3;3.39637e-15;2;39;1;3;2.39312e-12;2;126;126
-6.80391;-1.25119;-nan(ind);-nan(ind);-nan(ind);2;10001;1;3;4.57007e-15;2;40;0.999999;3;4.04845e-12;2;128;128
-0.691926;6.88773;-nan(ind);-nan(ind);-nan(ind);2;10001;1;3;3.51144e-15;2;44;1;3;1.05938e-12;2;122;122
-8.2041;4.5654;-nan(ind);-nan(ind);-nan(ind);2;10001;1;3;9.54792e-15;2;48;0.999999;3;1.96553e-12;2;128;128
6.03163;8.08954;-nan(ind);-nan(ind);-nan(ind);2;10001;nan;nan;nan;2;10001;1;3;4.71313e-12;2;126;126
7.87277;7.85626;-nan(ind);-nan(ind);-nan(ind);2;10001;1;3;7.54882e-15;2;37;1;3;3.80824e-12;2;128;128
1.73624;-2.43639;-nan(ind);-nan(ind);-nan(ind);2;10001;1;3;4.19545e-15;2;43;1;3;2.01968e-12;2;124;124
-3.74137;-1.14209;-nan(ind);-nan(ind);-nan(ind);2;10001;1;3;1.03822e-14;2;52;0.999999;3;4.69099e-12;2;125;125
-1.74449;-5.68811;-nan(ind);-nan(ind);-nan(ind);2;10001;1;3;3.43903e-15;2;42;1;3;3.71464e-12;2;128;128
-5.06934;1.18395;-nan(ind);-nan(ind);-nan(ind);2;10001;1;3;5.83329e-15;2;41;0.999999;3;3.81368e-12;2;125;125
-6.31963;0.398695;-nan(ind);-nan(ind);-nan(ind);2;10001;1;3;9.34541e-15;2;41;0.999999;3;3.59497e-12;2;127;127
-2.28258;-3.01026;-nan(ind);-nan(ind);-nan(ind);2;10001;1;3;9.39248e-15;2;39;1;3;4.01126e-12;2;126;126
3.47389;-5.5874;-nan(ind);-nan(ind);-nan(ind);2;10001;1;3;4.32249e-15;2;36;1;3;1.40633e-12;2;128;128
-7.7619;-5.83013;-nan(ind);-nan(ind);-nan(ind);2;10001;1;3;7.64764e-15;2;38;1;3;3.96557e-12;2;131;131
3.36112;1.91769;-nan(ind);-nan(ind);-nan(ind);2;10001;1;3;6.09933e-15;2;42;1;3;1.05041e-12;2;118;118
2.34854;6.36044;-nan(ind);-nan(ind);-nan(ind);2;10001;1;3;6.53467e-15;2;50;1;3;3.73762e-12;2;121;121
-7.13424;9.44333;-nan(ind);-nan(ind);-nan(ind);2;10001;1;3;5.5971e-15;2;36;0.999999;3;5.65602e-13;2;129;129
0.159192;8.67744;-nan(ind);-nan(ind);-nan(ind);2;10001;1;3;5.02654e-15;2;53;1;3;1.67032e-12;2;125;125
-0.898744;5.29671;-nan(ind);-nan(ind);-nan(ind);2;10001;1;3;4.72162e-15;2;37;1;3;4.51011e-13;2;120;120
-7.57963;6.37408;-nan(ind);-nan(ind);-nan(ind);2;10001;1;3;8.99879e-15;2;49;0.999999;3;1.18573e-12;2;128;128
7.41956;-9.51117;1;3;2.42839e-14;78;0;1;3;7.46099e-25;78;0;1;3;1.13596e-28;17;0;0
3.71499;0.984257;1;3;7.30368e-14;81;0;1;3;1.78781e-24;78;0;1;3;7.88861e-31;98;0;0
-8.17001;8.6981;1;3;2.87851e-14;81;0;1;3;2.67419e-23;78;0;1;3;2.91879e-29;17;0;0
1.04079;-1.82823;1;3;5.19864e-15;78;0;1;3;5.17019e-26;78;0;1;3;2.52435e-29;17;0;0
-2.72039;4.74051;1;3;8.07629e-15;78;0;1;3;1.52774e-24;78;0;1;3;3.15544e-30;98;0;0
-4.27632;-5.58372;1;3;1.5576e-18;78;0;1;3;5.11182e-28;78;0;1;3;2.68213e-28;17;0;0
5.60067;-3.59693;1;3;9.17466e-14;81;0;1;3;2.58494e-24;78;0;1;3;2.05104e-29;17;0;0
-5.17743;5.28307;1;3;3.38272e-15;78;0;1;3;4.29795e-24;78;0;1;3;3.86542e-29;17;0;0
6.40065;7.33369;1;3;6.01722e-19;78;0;1;3;8.57455e-23;95;0;1;3;1.14385e-28;17;0;0
-8.56888;-6.86237;1;3;5.85234e-21;78;0;1;3;2.18449e-23;95;0;1;3;4.57539e-28;17;0;0
3.25824;-3.33378;1;3;1.7142e-14;78;0;1;3;3.11026e-25;78;0;1;3;2.05104e-29;17;0;0
-5.25541;4.46694;1;3;6.29477e-16;78;0;1;3;2.71179e-25;17;0;1;3;3.15544e-29;17;0;0
2.39494;-5.51945;1;3;3.0521e-16;78;0;1;3;2.12314e-26;78;0;1;3;6.31089e-29;17;0;0
-5.9621;-7.82304;1;3;4.70682e-19;78;0;1;3;1.39171e-25;78;0;1;3;4.03897e-28;17;0;0
7.80957;-7.55708;1;3;3.82038e-14;81;0;1;3;1.56263e-23;78;0;1;3;6.38977e-29;17;0;0
-6.76615;2.02657;1;3;4.10971e-15;78;0;1;3;5.87228e-27;78;0;1;3;1.26218e-28;17;0;0
6.69847;-0.439812;1;3;2.49924e-14;81;0;1;3;5.50239e-24;78;0;1;3;1.26218e-29;17;0;0
3.27621;-5.08045;1;3;1.37045e-15;78;0;1;3;4.49903e-25;78;0;1;3;5.36425e-29;17;0;0
8.37507;-4.19301;1;3;3.42354e-16;78;0;1;3;7.77564e-26;78;0;1;3;2.52435e-29;17;0;0
-0.511025;0.496999;1;3;4.65173e-17;95;0;1;3;1.46807e-27;78;0;1;3;1.57772e-29;98;0;0
0.516123;4.29382;1;3;2.89041e-15;78;0;1;3;5.58634e-24;17;0;1;3;7.88861e-31;98;0;0
1.11313;-5.01527;1;3;1.32418e-16;78;0;1;3;7.10355e-25;78;0;1;3;9.15079e-29;17;0;0
7.26949;9.66808;1;3;4.40206e-18;78;0;1;3;2.03623e-20;95;0;1;3;2.09048e-28;17;0;0
-8.51211;-1.38766;1;3;4.42747e-17;95;0;1;3;4.55861e-25;78;0;1;3;2.9109e-28;17;0;0
1.06958;-7.85685;1;3;1.53184e-16;78;0;1;3;5.35331e-25;78;0;1;3;1.74338e-28;17;0;0
5.90736;6.33603;1;3;3.16147e-18;95;0;1;3;1.06086e-26;78;0;1;3;1.00974e-28;17;0;0
-9.96471;8.59848;1;3;1.43796e-14;78;0;1;3;1.08297e-24;78;0;1;3;5.36425e-29;17;0;0
0.1119;-3.02119;1;3;8.46301e-16;78;0;1;3;4.54675e-15;78;0;1;3;6.31089e-29;17;0;0
6.39353;1.77187;1;3;9.53597e-15;78;0;1;3;4.26939e-26;78;0;1;3;2.05104e-29;17;0;0
4.5031;-9.95987;1;3;1.43927e-15;78;0;1;3;2.49309e-25;78;0;1;3;1.36473e-28;17;0;0
2.34401;0.0888075;1;3;2.23045e-14;78;0;1;3;1.15371e-26;78;0;1;3;1.57772e-30;98;0;0
-0.33831;6.8962;1;3;2.2548e-15;78;0;1;3;8.78728e-26;78;0;1;3;1.34106e-29;98;0;0
8.59059;-6.34434;1;3;6.65997e-14;84;0;1;3;5.49009e-14;81;0;1;3;2.2877e-29;17;0;0
-8.40996;-3.15028;1;3;1.93631e-19;78;0;1;3;2.19627e-22;95;0;1;3;3.10811e-28;17;0;0
4.34215;9.96116;1;3;8.76652e-16;78;0;1;3;1.18526e-26;78;0;1;3;1.23851e-28;17;0;0
-0.589986;3.5008;1;3;1.33064e-14;78;0;1;3;1.38406e-26;78;0;1;3;3.15544e-30;98;0;0
-5.69645;-4.99847;1;3;6.94379e-20;78;0;1;3;9.70362e-26;78;0;1;3;2.46913e-28;17;0;0
-3.46465;2.59961;1;3;4.17703e-16;93;0;1;3;6.63432e-28;78;0;1;3;2.52435e-29;17;0;0
9.87966;-1.23634;1;3;1.46997e-14;78;0;1;3;1.64197e-23;22;0;1;3;5.04871e-29;17;0;0
0.129134;4.86115;1;3;1.58845e-14;78;0;1;3;2.39357e-25;78;0;1;3;7.88861e-30;98;0;0
7.36548;0.571575;1;3;9.92126e-15;78;0;1;3;6.08448e-25;78;0;1;3;3.15544e-29;17;0;0
-2.52329;6.68245;1;3;2.18002e-14;78;0;1;3;1.47899e-14;78;0;1;3;6.31089e-30;17;0;0
4.23389;-9.49838;1;3;1.47845e-14;78;0;1;3;1.56827e-24;78;0;1;3;1.67239e-28;17;0;0
8.33383;1.00043;1;3;1.39251e-14;78;0;1;3;4.15222e-25;78;0;1;3;3.15544e-29;17;0;0
-7.42566;7.54356;1;3;2.85083e-14;78;0;1;3;5.84187e-25;78;0;1;3;5.04871e-29;17;0;0
-4.11821;1.33977;1;3;1.38307e-16;78;0;1;3;1.19434e-26;78;0;1;3;5.6798e-29;17;0;0
2.63134;8.81394;1;3;1.29948e-15;78;0;1;3;2.0325e-26;78;0;1;3;9.15079e-29;17;0;0
-7.61565;-4.77803;1;3;1.8644e-19;95;0;1;3;9.50247e-22;95;0;1;3;3.3211e-28;17;0;0
-5.27228;3.33573;1;3;8.12574e-16;78;0;1;3;3.51491e-25;78;0;1;3;5.75868e-29;17;0;0
-4.73512;-8.87489;1;3;2.39405e-17;95;0;1;3;1.41995e-29;78;0;1;3;3.61298e-28;17;0;0
0.801652;-8.38585;1;3;5.49304e-16;93;0;1;3;1.27535e-23;17;0;1;3;1.61716e-28;17;0;0
-3.80292;7.31775;1;3;6.54773e-14;81;0;1;3;1.56166e-14;78;0;1;3;3.9443e-30;17;0;0
-9.51172;-7.93288;1;3;8.82974e-20;78;0;1;3;1.39718e-21;95;0;1;3;5.75868e-28;17;0;0
1.54002;6.30346;1;3;1.17381e-16;78;0;1;3;1.16726e-25;78;0;1;3;2.68213e-29;98;0;0
8.09409;-2.29342;1;3;9.51907e-14;81;0;1;3;2.26151e-23;78;0;1;3;3.15544e-29;17;0;0
-8.99146;-6.65147;1;3;3.07368e-20;78;0;1;3;4.43485e-20;95;0;1;3;4.55962e-28;17;0;0
-7.20831;-1.18908;1;3;3.0694e-16;78;0;1;3;2.01475e-26;78;0;1;3;1.92482e-28;17;0;0
2.32335;-0.138317;1;3;6.82052e-15;78;0;1;3;9.40303e-25;78;0;1;3;1.34106e-29;98;0;0
-8.48938;0.780686;1;3;2.8347e-17;78;0;1;3;2.12298e-26;78;0;1;3;1.83805e-28;17;0;0
-0.536281;3.41614;1;3;1.3627e-14;78;0;1;3;5.60604e-26;78;0;1;3;3.9443e-30;98;0;0
-6.51758;-4.58958;1;3;1.89684e-20;95;0;1;3;2.99267e-20;95;0;1;3;2.87934e-28;17;0;0
-4.50217;1.46573;1;3;1.2547e-15;78;0;1;3;1.75497e-25;78;0;1;3;6.70532e-29;17;0;0
-5.93261;4.89803;1;3;1.34713e-14;78;0;1;3;2.45975e-26;78;0;1;3;4.18096e-29;17;0;0
-7.11578;-5.86151;1;3;3.58009e-20;95;0;1;3;1.6149e-20;95;0;1;3;3.56565e-28;17;0;0
-1.5945;4.84124;1;3;4.14573e-14;81;0;1;3;2.78366e-15;78;0;1;3;3.9443e-30;98;0;0
4.52642;-9.58281;1;3;2.97025e-15;78;0;1;3;1.87793e-24;78;0;1;3;1.80649e-28;17;0;0
-0.917935;0.852598;1;3;3.10954e-20;95;0;1;3;4.66373e-21;95;0;1;3;2.52435e-29;98;0;0
8.79045;0.913072;1;3;1.11319e-14;78;0;1;3;2.66512e-25;78;0;1;3;6.46866e-29;17;0;0
-2.40466;-4.78418;1;3;9.386e-17;95;0;1;3;4.81205e-29;78;0;1;3;1.57772e-28;17;0;0
1.17695;-0.328829;1;3;2.2427e-16;78;0;1;3;7.67096e-26;78;0;1;3;1.57772e-29;98;0;0
-0.465236;9.20783;1;3;6.93525e-16;78;0;1;3;6.13974e-23;95;0;1;3;5.1276e-29;17;0;0
4.04513;4.55948;1;3;3.8656e-17;78;0;1;3;1.02244e-26;78;0;1;3;3.54987e-29;98;0;0
4.97244;2.49625;1;3;3.33091e-16;78;0;1;3;8.52956e-26;78;0;1;3;1.97215e-29;98;0;0
-6.47153;-8.16119;1;3;2.98766e-17;95;0;1;3;2.74902e-26;78;0;1;3;4.29929e-28;17;0;0
2.6105;-8.00548;1;3;8.74456e-15;78;0;1;3;4.48404e-25;78;0;1;3;1.08074e-28;17;0;0
7.03;4.65353;1;3;1.85498e-15;78;0;1;3;3.14114e-24;20;0;1;3;9.22967e-29;17;0;0
1.10823;-3.70592;1;3;1.03903e-16;78;0;1;3;1.12657e-26;78;0;1;3;4.81205e-29;17;0;0
-1.72327;1.29149;1;3;1.71129e-17;95;0;1;3;3.98194e-21;95;0;1;3;3.54987e-29;98;0;0
9.07226;-6.60452;1;3;5.65576e-14;81;0;1;3;6.33254e-15;78;0;1;3;1.57772e-29;17;0;0
-9.81239;0.90839;1;3;2.85661e-16;78;0;1;3;2.62388e-24;20;0;1;3;2.05104e-28;17;0;0
1.15054;-2.72919;1;3;1.38959e-16;78;0;1;3;1.23693e-27;78;0;1;3;5.1276e-29;17;0;0
-0.79623;2.96852;1;3;1.84628e-16;78;0;1;3;5.78622e-26;78;0;1;3;3.15544e-30;98;0;0
-8.01557;-4.75841;1;3;9.27975e-21;78;0;1;3;4.24407e-26;78;0;1;3;3.3211e-28;17;0;0
4.50658;-7.07283;1;3;2.20542e-14;78;0;1;3;1.04248e-23;78;0;1;3;8.20415e-29;17;0;0
-0.230163;8.50306;1;3;7.48386e-15;78;0;1;3;1.87449e-24;78;0;1;3;3.15544e-29;17;0;0
3.39361;9.08179;1;3;7.01791e-18;78;0;1;3;1.02552e-28;78;0;1;3;7.88861e-29;17;0;0
-9.40756;-3.61049;1;3;7.36017e-19;78;0;1;3;7.29696e-28;78;0;1;3;3.79442e-28;17;0;0
6.8745;8.36668;1;3;2.32206e-20;95;0;1;3;1.08906e-21;95;0;1;3;1.42784e-28;17;0;0
-4.01775;7.76769;1;3;1.50584e-14;78;0;1;3;4.4265e-24;78;0;1;3;7.88861e-30;17;0;0
-4.99698;-2.96342;1;3;1.18554e-24;78;0;1;3;1.42986e-19;95;0;1;3;1.74338e-28;17;0;0
-3.98214;5.13059;1;3;2.87872e-14;78;0;1;3;5.64802e-24;78;0;1;3;1.26218e-29;17;0;0
8.37659;-6.90505;1;3;6.54508e-14;81;0;1;3;2.10317e-23;78;0;1;3;6.31089e-29;17;0;0
-1.81869;1.88312;1;3;8.19612e-17;95;0;1;3;2.06753e-25;78;0;1;3;2.52435e-29;98;0;0
7.20568;7.33518;1;3;1.66967e-18;95;0;1;3;4.10523e-27;78;0;1;3;1.29373e-28;17;0;0
4.14442;-3.4978;1;3;1.53867e-14;78;0;1;3;3.40235e-24;78;0;1;3;2.8399e-29;17;0;0
-0.465277;-0.203323;1;3;5.01093e-16;78;0;1;3;3.484e-26;78;0;1;3;1.97215e-29;98;0;0
7.35727;5.34592;1;3;2.54856e-17;78;0;1;3;8.72866e-23;95;0;1;3;8.91413e-29;17;0;0
-2.76292;4.93517;1;3;1.51087e-14;78;0;1;3;1.12194e-22;95;0;1;3;1.26218e-29;98;0;0
5.01116;-0.836333;1;3;1.49144e-15;78;0;1;3;4.11356e-15;78;0;1;3;6.31089e-30;17;0;0
-5.72661;3.58831;1;3;6.67013e-15;78;0;1;3;1.22179e-24;78;0;1;3;4.57539e-29;17;0;0
